0
0
0
0
0
0
0
0
0
0
0
0
0
0
0
0
0
0
0
0
0
0
0
0
0
0
0
0
0
0
0
0
0
.130615234375
1.50299072265625
1.64434814453125
1.395660400390625
.457000732421875
0
0
0
0
0
0
0
.01116943359375
.4078369140625
.15203857421875
0
0
0
0
0
0
0
0
.334075927734375
.73114013671875
.2694091796875
0
0
0
0
0
0
0
0
0
0
0
0
0
0
0
0
0
0
.533477783203125
.75396728515625
1.0299072265625
1.19573974609375
.8267822265625
.2109375
0
0
0
0
0
0
0
0
0
0
0
0
0
.219451904296875
0
0
.831573486328125
2.4765625
3.480377197265625
2.81024169921875
1.944732666015625
.517852783203125
.187255859375
0
0
0
0
0
0
0
0
0
0
0
0
0
0
.075592041015625
.0853271484375
0
1.4713134765625
2.171478271484375
3.13226318359375
1.732696533203125
1.291595458984375
0
0
0
0
0
0
0
0
0
0
0
0
0
0
0
0
0
0
0
0
0
0
0
0
0
0
0
0
0
0
0
.0706787109375
0
0
0
0
0
0
0
0
0
0
0
0
0
0
0
0
0
0
0
0
0
0
0
0
0
0
0
0
0
0
0
0
0
0
0
0
0
0
0
0
0
0
0
0
0
0
0
0
0
0
0
0
0
0
0
0
0
.225250244140625
.15142822265625
0
0
0
0
0
0
0
0
0
0
0
0
0
0
0
0
0
0
0
0
0
.9127197265625
1.270416259765625
1.2579345703125
.39642333984375
0
0
0
0
0
0
0
0
0
0
0
0
0
0
0
0
0
0
0
0
.266876220703125
1.29949951171875
2.569732666015625
1.868988037109375
.03448486328125
0
0
0
0
0
0
0
0
0
0
0
0
0
0
0
0
0
0
0
0
.1083984375
1.22393798828125
1.997467041015625
.713134765625
0
0
0
0
0
0
0
0
0
0
0
0
0
0
0
0
0
0
0
0
0
0
.4014892578125
1.1851806640625
0
0
0
0
0
0
0
0
.0872802734375
.0106201171875
0
0
0
0
0
0
0
0
0
0
0
0
0
1.021636962890625
.700897216796875
.37158203125
0
0
0
.188323974609375
.199066162109375
0
0
0
.42718505859375
0
0
0
0
0
0
0
0
0
0
0
0
.071502685546875
.0682373046875
.191131591796875
0
0
.356689453125
.295074462890625
.068206787109375
0
0
0
0
0
0
0
0
0
0
0
0
0
0
0
0
0
0
.737762451171875
.78851318359375
1.185760498046875
.73876953125
0
0
.084014892578125
0
.352142333984375
0
0
0
.57598876953125
1.2362060546875
1.290679931640625
2.132568359375
3.724853515625
3.00738525390625
0
0
0
0
0
0
1.029541015625
1.480987548828125
1.363922119140625
.64935302734375
0
.05029296875
.770599365234375
1.387176513671875
2.073760986328125
2.22900390625
1.8729248046875
1.908203125
2.175933837890625
2.5582275390625
2.41754150390625
2.864044189453125
3.846466064453125
2.739501953125
0
0
0
0
0
0
0
0
0
0
0
0
0
.389190673828125
1.4503173828125
2.145721435546875
2.420684814453125
2.2325439453125
1.48321533203125
.729583740234375
.450469970703125
.2923583984375
.259796142578125
0
0
0
0
0
0
0
0
0
0
0
0
0
0
0
0
0
0
0
0
0
0
0
0
0
0
0
0
0
0
0
0
0
.266937255859375
.28472900390625
.193115234375
0
0
0
0
0
0
0
0
0
0
0
0
0
0
0
0
0
0
0
0
0
0
0
0
0
0
0
0
0
0
.0687255859375
.35308837890625
.369415283203125
0
0
0
0
0
0
0
0
0
0
0
0
0
0
0
0
0
0
0
.02069091796875
0
0
0
0
0
0
0
0
0
0
0
0
0
0
0
0
0
0
0
0
0
0
0
0
0
0
0
0
0
0
0
0
0
0
0
0
0
0
0
0
0
0
0
0
.7999267578125
.930145263671875
.33941650390625
0
0
0
0
0
.754058837890625
0
0
0
0
0
0
0
0
0
0
0
.16455078125
.5853271484375
.428741455078125
.88299560546875
0
0
0
0
0
0
0
.8387451171875
0
0
.41912841796875
.17242431640625
0
0
0
0
0
0
0
.398956298828125
1.08282470703125
0
0
.124237060546875
0
0
0
0
0
0
.138946533203125
0
0
.624053955078125
0
0
0
0
0
0
0
0
0
1.2689208984375
0
0
0
0
0
0
0
0
0
.61322021484375
0
0
.345703125
.076934814453125
0
0
0
0
0
.1326904296875
.90313720703125
0
1.615020751953125
0
0
0
.415557861328125
.2572021484375
0
0
0
.858306884765625
0
0
.28533935546875
.21875
0
0
0
0
0
0
0
.236846923828125
0
.309417724609375
0
.0633544921875
0
.204193115234375
.208984375
.125091552734375
0
.165313720703125
.070098876953125
.2227783203125
0
0
0
0
.2796630859375
0
0
0
0
.07080078125
0
.10406494140625
0
1.103546142578125
0
0
0
.109649658203125
.157257080078125
0
.98785400390625
0
.566650390625
0
0
0
0
.63677978515625
.23590087890625
0
.3111572265625
0
0
0
0
0
.930267333984375
0
0
0
.452667236328125
.010711669921875
.245635986328125
.035369873046875
0
0
.27978515625
0
0
0
0
1.113616943359375
0
0
0
.172607421875
0
.61614990234375
.05255126953125
0
.991851806640625
0
.41412353515625
1.300689697265625
0
.247161865234375
0
.4173583984375
0
0
1.239959716796875
0
0
0
.65386962890625
.14971923828125
0
0
0
.168212890625
.33990478515625
0
0
0
0
0
1.074005126953125
0
0
0
0
.46966552734375
0
0
.864044189453125
0
0
.131988525390625
1.000457763671875
0
0
.155364990234375
0
0
0
.08154296875
0
0
.5445556640625
0
0
0
0
0
.531768798828125
0
0
1.41522216796875
.000946044921875
0
.13897705078125
.4169921875
0
0
.6087646484375
0
0
0
0
1.00970458984375
0
0
0
0
.291748046875
0
0
0
0
.269134521484375
.5128173828125
0
0
0
0
0
1.15118408203125
.0888671875
0
0
0
0
0
.9661865234375
0
.943450927734375
0
.84710693359375
0
0
.080963134765625
.4053955078125
.9217529296875
0
0
.40789794921875
0
0
.3631591796875
1.064117431640625
0
0
.50579833984375
0
0
.3404541015625
0
.170501708984375
.22930908203125
0
.548126220703125
0
0
.924560546875
1.111114501953125
0
.597869873046875
0
0
0
0
1.09454345703125
1.233154296875
0
0
2.248687744140625
0
0
.25439453125
0
0
0
.314544677734375
0
.00848388671875
.285369873046875
.718597412109375
.28240966796875
0
.3865966796875
.086669921875
0
.4033203125
0
0
.73516845703125
0
0
1.4766845703125
0
0
.18975830078125
0
0
0
0
.89080810546875
0
0
0
0
1.80352783203125
0
1.66644287109375
0
0
.188568115234375
.061279296875
0
0
0
1.8232421875
.350372314453125
0
0
0
0
0
0
0
.94952392578125
0
0
2.11431884765625
1.09185791015625
0
.33673095703125
0
0
.4329833984375
0
.359588623046875
.09783935546875
0
1.0380859375
0
0
0
0
.055206298828125
0
0
0
.469024658203125
1.39691162109375
0
.268157958984375
0
.163482666015625
0
0
0
.159515380859375
0
0
.032958984375
.36968994140625
1.799835205078125
0
0
0
0
0
0
0
.762725830078125
0
.870697021484375
0
0
0
0
0
0
.341033935546875
0
.292694091796875
0
1.078826904296875
1.581573486328125
.41143798828125
0
0
0
0
0
0
0
0
0
0
0
0
.242279052734375
0
0
.519500732421875
1.844024658203125
.12994384765625
.34649658203125
.043487548828125
.287811279296875
0
0
0
0
0
0
0
0
0
0
0
0
0
1.080047607421875
0
0
0
0
2.876953125
0
0
0
0
0
0
0
0
0
0
0
0
0
0
0
0
0
0
.8800048828125
0
0
0
2.725311279296875
0
0
0
0
0
0
0
0
0
0
0
0
0
0
0
0
0
0
1.282440185546875
0
.17279052734375
0
.631561279296875
.95184326171875
0
0
0
0
0
0
0
0
0
0
0
0
0
0
0
0
0
.374053955078125
.22857666015625
0
0
.015167236328125
1.890350341796875
.24139404296875
0
0
0
0
0
0
0
0
0
0
0
0
0
0
0
0
0
0
1.2767333984375
0
0
0
0
0
0
0
.13494873046875
0
0
0
0
0
0
0
0
0
.192535400390625
0
.563446044921875
0
0
0
1.272308349609375
0
0
0
0
0
0
0
0
0
0
0
.352081298828125
0
0
.237274169921875
.369903564453125
0
0
.252105712890625
.4764404296875
0
0
0
1.090850830078125
0
0
0
0
0
0
0
0
0
0
0
.2403564453125
.24871826171875
0
0
.53228759765625
.0294189453125
0
0
0
.3248291015625
0
0
1.5482177734375
0
0
0
0
0
0
0
.10858154296875
0
0
0
0
.18377685546875
.067108154296875
0
.0491943359375
.617706298828125
0
0
0
.316680908203125
0
0
1.72479248046875
0
0
0
0
0
.706756591796875
0
0
0
.1285400390625
0
.07037353515625
0
0
0
.20611572265625
0
.2498779296875
.004974365234375
0
0
.220306396484375
0
1.355194091796875
0
0
0
0
0
0
.003082275390625
0
.0958251953125
0
1.078094482421875
0
.375518798828125
0
0
.7291259765625
0
.505889892578125
0
0
.81707763671875
0
0
1.46002197265625
.10211181640625
0
0
0
.18914794921875
0
0
0
.29254150390625
.162017822265625
0
.62640380859375
0
0
.382904052734375
0
.16693115234375
.1416015625
0
0
0
.845458984375
0
1.38409423828125
.390777587890625
0
0
0
.009124755859375
0
0
0
0
1.073944091796875
0
0
.827178955078125
0
.434326171875
0
.087493896484375
0
0
0
0
.15826416015625
0
.1392822265625
.84564208984375
0
0
0
0
0
0
0
0
.4267578125
.164398193359375
0
.231903076171875
0
.061370849609375
0
.060760498046875
0
0
0
0
0
0
.833526611328125
0
.5850830078125
0
0
0
0
0
0
0
0
.375457763671875
.312835693359375
0
0
.1173095703125
0
0
.3040771484375
.159210205078125
0
.29547119140625
0
0
1.531341552734375
0
1.14556884765625
0
0
0
0
0
0
0
0
0
0
.51519775390625
0
0
0
.6004638671875
0
0
0
.017059326171875
.444366455078125
0
1.614471435546875
0
.8060302734375
.50933837890625
.38507080078125
0
.0185546875
0
0
0
0
0
0
.145355224609375
0
.223175048828125
0
0
.29156494140625
0
0
0
.09979248046875
0
1.102325439453125
0
0
2.095428466796875
.50335693359375
0
0
0
0
.167938232421875
0
.18463134765625
0
0
1.704132080078125
0
0
.612030029296875
.624664306640625
0
.227813720703125
0
0
.189544677734375
.6947021484375
0
0
.369232177734375
1.1195068359375
.089752197265625
0
0
1.25994873046875
0
0
.464447021484375
0
0
.951019287109375
0
0
0
0
.601409912109375
0
0
.37255859375
.17291259765625
.346771240234375
.290985107421875
0
.07977294921875
0
.005218505859375
1.43408203125
0
.762786865234375
0
0
.179046630859375
.508819580078125
0
.573028564453125
.09613037109375
.144256591796875
0
0
0
0
.669281005859375
.695068359375
.142333984375
.116943359375
.1826171875
0
0
1.41827392578125
0
0
.5484619140625
0
.079864501953125
0
0
.739349365234375
.112213134765625
0
0
0
.617095947265625
.1884765625
.105499267578125
.01556396484375
0
1.585968017578125
.200897216796875
.244384765625
.118499755859375
0
.828582763671875
0
.708221435546875
0
0
.306182861328125
0
0
0
0
0
1.094512939453125
0
0
0
0
.1702880859375
0
.273040771484375
.70233154296875
0
.071685791015625
0
0
0
0
0
.420257568359375
0
0
0
0
0
.05499267578125
0
.57464599609375
.771331787109375
.114776611328125
.10479736328125
0
.080841064453125
.05816650390625
.43890380859375
.33062744140625
.310211181640625
0
0
0
0
0
0
0
0
0
0
0
0
0
.497650146484375
.345306396484375
0
.180389404296875
.280120849609375
.1739501953125
.056060791015625
0
.36688232421875
.48980712890625
.2147216796875
.398895263671875
0
0
0
0
0
0
.190643310546875
0
0
0
.0533447265625
0
0
.219970703125
0
.052001953125
.17431640625
.032562255859375
.11346435546875
.047332763671875
.28271484375
.372344970703125
.48638916015625
0
0
0
0
.585357666015625
0
.261383056640625
0
.108306884765625
.13262939453125
.33905029296875
.4261474609375
.22772216796875
.157440185546875
.091217041015625
.112548828125
.009796142578125
.054595947265625
.152923583984375
.109527587890625
.46649169921875
.353485107421875
.310211181640625
.49151611328125
0
.9700927734375
0
0
0
0
0
.224639892578125
.234405517578125
0
.28631591796875
.37957763671875
.201904296875
.06353759765625
.122772216796875
.083831787109375
.04022216796875
.131072998046875
.3267822265625
.48992919921875
.251129150390625
.255340576171875
.16748046875
.263580322265625
0
0
1.39410400390625
.0833740234375
0
0
0
0
.259246826171875
.181915283203125
.058013916015625
.21173095703125
.15899658203125
.167755126953125
.125030517578125
.1180419921875
.258544921875
.141876220703125
.184112548828125
.268646240234375
.246185302734375
.1199951171875
0
.8153076171875
0
0
0
0
.25341796875
0
0
.088470458984375
0
0
.013702392578125
0
0
0
0
0
0
0
0
0
0
0
0
0
