0
0
0
0
0
0
0
0
0
0
0
0
0
0
0
0
0
0
0
0
0
0
0
0
0.345337
0
0
0
0
0
0
0
0
0.954742
1.47498
1.85336
2.18484
1.6514
0.430176
0
0
0
0
0
0
0.412598
1.10056
0.670532
0.360962
0
0
0
0
0.257324
0
0
0.556793
1.34467
1.63965
1.47272
1.23911
0.479706
0
0
0
0
0
0
0
0
0.144958
0.000946045
0.444183
0.266846
0
0.153839
0.877014
1.95642
1.83783
1.79688
1.39676
0.914612
0.401947
0
0
0
0
0
0
0
0
0
0
0
0
0
0.527435
0.784485
0.660095
1.34903
2.8002
3.36633
3.02921
1.58005
0.556305
0
0
0
0
0
0
0
0
0
0
0
0
0
0
0
0.114838
0.459503
0.522583
1.22049
2.45126
2.89236
1.92441
0.230927
0
0
0
0
0
0
0
0
0
0
0
0
0
0
0
0
0
0
0
0
0
0
0
0
0
0
0
0
0
0
0
0
0
0
0
0
0
0
0
0
0
0
0
0
0
0
0
0
0
0
0
0
0
0.0195618
0
0
0
0
0
0
0
0
0
0
0
0.14032
0
0
0
0
0
0
0
0
0
0
0
0
0
0
0
0
0
0
0
0
0
0
0.352539
1.00867
0.988098
0.283783
0
0
0
0
0
0
0
0
0
0
0
0
0
0
0
0
0
0
0
0
0.912506
1.59421
2.12628
1.58014
0
0
0
0.16452
0
0
0
0
0
0
0
0
0
0
0
0
0
0
0
0
0.435455
1.47009
2.99066
2.98956
0.626709
0
0
0
0
0
0
0
0
0
0
0
0
0
0
0
0
0
0
0
0
0.348602
1.22357
2.29657
0.831879
0
0
0
0
0
0
0
0
0
0
0
0
0
0
0
0
0
0
0
0
0
0
0.401154
1.79059
0.436768
0
0
0
0
0
0
0
0.256744
0.32132
0.169373
0
0
0
0
0
0
0
0
0
0
0
0
1.12619
0.806519
0.119507
0
0
0
0
0.191528
0
0
0.0379333
1.22992
0.360962
0
0
0
0.14801
0
0
0
0
0
0
0
0.412079
0.317322
0.351562
0
0
0.298584
0.171051
0.0736389
0
0
0
0
0
0.180664
0.635345
0.879944
0.981903
0.452301
0.573578
0.331787
0
0
0
0
0.0324097
0.616669
1.31204
1.25009
1.83557
1.65854
0.606018
0.62677
0.643677
0.220337
0.351471
0
0.251404
1.24774
1.90952
2.30072
1.7312
2.4794
4.04233
3.19559
0
0
0
0
0
0.921936
2.28098
2.01431
1.52649
0.588348
0
0.288116
0.853577
1.48111
2.23795
2.83109
2.73929
2.72766
2.83344
2.6398
2.43628
3.19818
4.50616
3.25046
0
0
0
0
0
0
0
0
0
0
0
0
0.0951233
1.08395
2.53561
3.16214
2.81497
2.23325
1.5882
1.27069
1.17474
1.0946
0.994995
0
0
0
0
0
0
0
0
0
0
0
0
0
0.0630493
0.384186
0.970947
0.939392
0.6008
0.423218
0.151306
0
0
0
0
0
0
0
0
0
0
0
0
0.327728
0.43457
0.340607
0.242828
0
0
0
0
0
0
0
0
0
0
0
0
0
0
0
0
0
0
0
0
0
0
0
0
0
0
0
0
0
0
0
0
0
0
0
0
0
0
0
0
0
0
0
0
0
0
0
0
0
0
0
0
0
0
0
0
0
0
0
0
0
0
0
0
0
0
0
0
0
0
0
0
0
0
0
0
0
0
0
0
0
0
0
0
0
0
0
0
0
0
0
0
0
1.02954
0.513733
0
0
1.01468
1.33005
0.118042
0
0
0
0
0
0.753906
0
0
0
0
0
0
0
0
0
0
0.126373
0.761688
0.506042
0.557526
1.25327
0
0
0
0
0
0
0
0.83847
0
0
0.582367
0
0
0
0
0
0
0
0
0.703033
1.03357
0
0
0.132874
0
0
0
0
0
0
0.138519
0
0
0.606964
0
0.739838
0
0
0
0
0
0
0
1.35095
0
0
0
0
0
0
0
0
0
0.712891
0
0
0.345215
0.107574
0.395416
0
0
0
0
0.540741
1.7583
0
0.949677
0
0
0
0.415222
0.256866
0
0
0
0.998138
0
0
0.285065
0.218292
0
0
0
0
0
0.0870667
0
0.702759
0
0
0
0.795959
0
0.376526
0.208649
0.124756
0
0
0.319183
0.440704
0
0
0
0
0.279236
0
0
0
0
0.248535
0
0
0
1.04294
0.721619
1.25754
0
0.307892
0
0
0.987366
0
1.18839
0
0
0
0
0.636292
0.235626
0
0.310577
0
0
0.382385
0
0
1.12094
0
0
0.429199
0.90274
0
0.28891
0.0233765
0
0
0.946869
0
0
0.692444
0
1.11319
0
0
0
0.172241
0
0.7435
0.013031
0
0.686066
0
0.739014
1.55389
0
0
0.423767
0.267578
0
0
1.33487
0
0
0.139771
0.640442
0.149384
0
0
0
0.16803
0.509308
0
0
0
0
0
1.53183
0
0
0
1.2782
1.07758
0
0
0.495026
0
0
0.631195
1.00015
0
0
0.154877
0
0
0
0.0757446
0
0
0.625702
0
0.201141
0
0
0
0.854736
0
0
1.41467
0.000549316
0
0
0.95105
0
0
0.608246
0
0
0
0
0.789062
0
0.0632324
0
0
0.265045
0
0
3.33142
0
0.268707
0.51239
0
0
0
0
0.0258789
1.15085
0.0883789
0
0
0
0
0
1.0199
0
0.987762
0
1.07169
0
0
1.67981
0
0.921234
0
0
0.423187
0
0
0.481659
1.32605
0
0
0.29245
0
0
0.346863
0
0.555511
0.22876
0
0.650726
0
0
1.03778
1.18677
0
0.597565
0
0
0.0115356
0
1.3605
1.55685
0
0
1.91577
0.00674438
0.0845947
0
0
0
0
0.314148
0
0.0238037
0.262146
0.672913
0.27005
0
0.386017
0.363525
0
0.087738
0
0
0.865387
0
0
1.21191
0
0.884491
0
0
0
0
0.0433655
0.872375
0.129578
0.0071106
0
0
1.96964
0
1.91306
0
0
0.583618
0.0609131
0
0
0
1.65329
0.887482
0
0
0
0
0
0
0
0.976227
1.11554
0
1.64111
0
0
0.789673
0
0
0.0926208
0.383179
0.0466003
0.0427551
0
1.14856
0.702423
0.248993
0.700012
0
0
0
0
0
0.854797
2.13556
0
0
0
1.61591
0
0
0
0
0.275879
0.361084
0.646332
0.356232
2.0101
0.594025
0
0
0
0
0
0
0.90509
0
1.28519
0.890411
0
0
0
0
2.21686
0.0940552
0
0.677979
0.337708
1.1058
1.49542
0.47995
0
0
0
0
0
0
0
0.0258484
0
0
0.267517
0.251343
0
0
0
3.93219
1.49988
0.307922
0.495117
0.0823975
0.361938
0.0523987
0
0
0
0
0
0
0.0535583
0.036438
0
0
0
0
2.46692
0
0
0
3.01611
2.61459
0
0
0
0
0
0
0
0
0
0
0
0
0
0
0
0
0
0.183502
1.49432
0
0
0.994049
3.69659
0
0
0
0
0.0263672
0
0
0
0
0
0
0
0
0
0
0
0
0.16217
1.3602
0
0
0
3.09171
0.81778
0
0
0
0
0
0
0
0
0
0
0
0
0
0
0
0
0.0706177
0.70993
0.640228
0
0
0.905579
3.98096
0.221497
0
0
0
0
0
0
0
0
0
0
0
0
0
0
0
0
0
0
2.07834
0
0
0
0
0
0
0
0.351349
0.255341
0
0
0.0389404
0
0
0
0
0
0.192352
0
0.563416
0.343445
0
0
1.98242
0
0
0
0
0
0
0
0
0
0
0
0.140045
0
0
0.196899
0.369507
0
0
0.252014
0.476044
0
0.876221
0
1.78159
0
0
0
0
0
0
0
0
0
0
0
0.170563
0.234497
0
0
0.649475
0
0
0
0
0.729919
0
0
2.25519
0
0
0
0
0.381531
0
0
0
0
0
0
0
0.175995
0.164978
0
0
0.662598
0
0
0
0.376404
0.505798
0
2.63171
0.133087
0
0
0
0
0.465424
0
0
0
0.128143
0
0.0696411
0
0
0
0.0209351
0
0.249359
0.00476074
0
0.0810242
0.299713
0
2.3775
0.215973
0
0
0
0
0.195129
0
0
0
0
1.07761
0
0.838257
0
0
0.984833
0
0.505341
0
0
0.81662
0
0
2.48734
0.23941
0
0
0
0
0.103119
0
0
0.873535
0
0
0.626038
0.227264
0
0
1.06421
0
0.106445
0
0
0
0.844788
0
1.70898
0.634583
0
0
0
0
0.0189819
0
0
0.840088
0
0
0
1.2576
0
0
0
0
0
0
0
0
0.157837
0
0.134705
0.792145
0.652802
0
0
0
0
0
0
0.401703
0
0
0
0.393585
0
0
0.384338
0
0
0
0
0
0
0
0.831696
0
0.986389
0.117798
0
0
0
0
0
0
0
0.433075
0.312317
0
0
0
0.349579
0
0.303741
0.158539
0
0.295044
0
0
1.5311
0
1.28528
0.421753
0
0
0
0
0.830933
0
0
0
0
0.51474
0
0
0
0.502228
0
0
0
0.0167236
0.443665
0
2.07001
0
0.801544
0.851929
1.06284
0
0
0
0
1.11996
0
0
0
0.316284
0
0.237427
0
0
0.291321
0
0
0
0.0996094
0
1.65976
0
0
2.20468
0.788391
0
0
0
0
0
0
0.184265
0
0
1.73529
0
0
0.371429
0.730255
0
0.0432129
0
0
0.177429
1.07321
0
0
0.368774
1.38663
0.0405884
0
0
1.14145
0
0
0.464172
0
0
0.828247
0
0
0
0
0.767212
0
0.729065
0.0696716
0
0.713715
0.174988
0
0.0793152
0
0
1.67072
0
0.506256
0
0
0.988312
0
0
0.587494
0.265808
0.0233154
0
0
0
0
1.09119
0.938416
0
0.544159
0
0
0
2.10141
0
0
0.759338
0
0
0.0648499
0
0.245575
0.112061
0
0
0
0.421509
0.690186
0
0.533386
0.0644531
1.68475
0
0.729462
0
0
0
0.994171
1.72934
0
0
0
0
0
0.105957
0.112091
0
1.20572
0
0
0
0.141205
0.694153
0
0.26712
0.70047
0
0.515015
0
0
0.103088
0
0
1.82959
0
0
0
0
0.115479
0.22345
0.0557251
0.668915
0.946381
0.382935
0.256927
0.101929
0.144196
0.423218
0.585968
0.171539
0.317017
0.27066
0.0125732
0
0
0
0.15564
0
0.0300598
0
0
0
0
0
0.481445
0.680267
0.276642
0.352142
0.699005
0.376801
0.101868
0.141174
0.640869
0.567413
0
0.603699
0
0
0
0
0
0
0
0
0
0
0.274445
0.0407104
0.0389099
0.502472
0.20755
0.270538
0.393799
0.165771
0.340393
0.124756
0.50238
0.492554
0.102875
0
0
0
0
0
0
0.201721
0.0195923
0.30484
0.361176
0.446625
0.655121
0.518799
0.456329
0.308319
0.454407
0.159393
0.17804
0.351135
0.103027
0.547394
0.258209
0.380188
0.210754
0
0
0
0.451447
0
0
0
0.503387
0.427856
0.089386
0.483032
0.644745
0.486633
0.318726
0.380371
0.271179
0.177582
0.17276
0.442841
0.518585
0.173279
0.19928
0.413208
0
0
0
0.963348
0.936005
0
0
0
0
0.715851
0.437164
0.0873413
0.43399
0.394684
0.42984
0.280701
0.180542
0.629181
0.0803833
0.121674
0.440979
0.52475
0.436707
0
0.604492
0
0
0
0
0.990448
0
0
0.0701599
0
0.0559082
0.0548706
0
0
0
0
0
0
0
0
0
0
0
0.107269
0
