0
0
0
0
0
0
0
0
1.09247
0.557163
0
0
0
0
0
0
0
0
0
0
0
0
0
0
0
0
0
0
0
0
0
0
0
0
0
0
0
0
0
0
0
0
0
0
0
0
0
0
0
0
0
0
0
0
0
0
0
0
0
0
0
0
0
0
0
0
0
0
0
0
0
0.130781
0
0
0
0
0
0
0
0
0
0
0
0
0
0
0
0
0
0
0
0
0
0
0
0
0
0
0
0
0
0
0
0
0
0
0
0
0
0
0
0
0
0
0
0
0
0
1.97952
1.25342
0
0
0
0
0
0
0
0
0
0.267017
1.07519
0
0
0
0
0
0
0.895665
0.838915
0.508287
0.537932
0.473435
0.971769
0
0
0
0
0
0
0
0
0
0
0
0
0
0
0
0
0
0
0
0
0
0
0
0
0
0
0
0
0
0
0
0
0
0
0
0
0
0
0
0
0
0
0
0
0
0
0
0
0
0
0
0
0
0
0
0
0
0
0
0
0
0
0
0
0
0
0
0
0
0
0
0
0
0
0
0
0
0
0
0
0
0
0
0
0
0
0
0
0
0
0
0
0
0
0
0
0
0
0
0
0
0
0
0
0.672447
0.914866
0.612238
0
0
0
0
0
0
0
4.57421
2.64546
2.65508
0.66526
0.921268
0
0
0
0
0
0
2.03752
3.91259
4.13922
4.35002
2.37662
1.77293
0
0
0
0
0
0
0.653042
1.69652
2.31046
2.22148
1.5728
1.86336
0
0
0
0
0
0
0
0.104414
1.18794
3.23771
1.01097
0
0
0
0
0
0
0
0
0.292132
0
0
0
0
0
0
0
0
0
1.04489
3.0231
0
0
0
0
0
0
0
0
0
0
0
0
0
0
0
0
0
0
0
0
0
0
0
0
0
0
0
0
0
0
0
0
0
0
0
0
0
0
0
0
0
0
0
0
0
0
0
0
0
0
0
0
0
0
3.76775
0
0
0
0
0
0
0
0
0
0
0
2.49922
0
0
0
0
0
0
0
0
1.33322
0
0
3.11676
0
0
0
2.05178
2.15737
0
0
0.597413
3.17296
1.38837
0
3.10166
0
0
0
2.57937
0
0
0
0
0
0
0
0
0
1.28092
7.07158
6.20418
2.18291
1.60593
1.52077
2.17438
2.62464
2.48669
0.441738
2.08668
