0
0
0
0
0
0
0
0
0
0
0
0
0
0
0
0
0
0
0
0
0
0
0
0
0.345367
0
0
0
0
0
0
0
0
0.954742
1.47504
1.85358
2.18491
1.65155
0.430115
0
0
0
0
0
0
0.412506
1.10065
0.670654
0.360992
0
0
0
0
0.257385
0
0
0.556793
1.34442
1.63965
1.47253
1.23901
0.479584
0
0
0
0
0
0
0
0
0.145142
0.00100708
0.444061
0.266846
0
0.153778
0.876801
1.9563
1.83783
1.79697
1.39685
0.914642
0.401886
0
0
0
0
0
0
0
0
0
0
0
0
0
0.527405
0.784424
0.660065
1.41299
3.40213
3.76373
3.55447
1.63391
0.556274
0
0
0
0
0
0
0
0
0
0
0
0
0
0
0
0.114716
0.459381
0.522308
1.41125
2.84119
3.23178
2.32797
0.490143
0
0
0
0
0
0
0
0
0
0
0
0
0
0
0
0
0
0
0
0
0
0
0
0
0
0
0
0
0
0
0
0.0222168
0.0621033
0
0
0
0
0
0
0
0
0
0
0
0
0
0
0
0
0
0
0
0
0.0196228
0
0
0
0
0
0
0
0
0
0
0
0.140167
0
0
0
0
0
0
0
0
0.159607
0
0
0
0
0
0
0
0
0
0
0
0
0
0.352509
1.00848
0.988037
0.283783
0
0
0
0
0
0
0
0
0
0
0
0
0
0
0
0
0
0
0
0
0.912384
1.59406
2.12631
1.58014
0
0
0
0.352173
0
0
0
0
0
0
0
0
0
0
0
0
0
0
0
0
0.435486
1.47025
2.99069
2.98953
0.626648
0
0
0
0
0
0
0
0
0
0
0
0
0
0
0
0
0
0
0
0
0.348663
1.2236
2.29666
0.832001
0
0
0
0
0
0
0
0
0
0
0
0
0
0
0
0
0
0
0
0
0
0
0.401001
1.7905
0.436829
0
0
0
0
0
0
0
0.256714
0.32132
0.169342
0
0
0
0
0
0
0
0
0
0
0
0
1.12625
0.806427
0.119537
0
0
0
0
0.191467
0
0
0.0380859
1.22998
0.360931
0
0
0
0.147888
0
0
0
0
0
0
0
0.412231
0.317352
0.35141
0
0
0.298676
0.17099
0.0739136
0
0
0
0
0
0.180542
0.635254
0.879883
0.981598
0.452179
0.573578
0.331848
0
0
0
0
0
0.193329
1.18057
1.25015
1.83551
1.58585
0.548676
0.558838
0.643646
0.220184
0.351196
0
0.251343
1.24768
1.90942
2.30072
1.73132
2.47961
4.04227
3.19556
0
0
0
0
0
0
1.64246
1.60416
1.52646
0.57193
0
0.254028
0.853302
1.48093
2.23779
2.83118
2.73944
2.72787
2.8334
2.63983
2.43643
3.19833
4.50632
3.25052
0
0
0
0
0
0
0
0
0
0
0
0
0.0952759
1.08417
2.53583
3.16229
2.81516
2.23334
1.5882
1.27063
1.17477
1.09439
0.995056
0
0
0
0
0
0
0
0
0
0
0
0
0
0.0632629
0.384308
0.971039
0.939453
0.600586
0.422943
0.151276
0
0
0
0
0
0
0
0
0
0
0
0.0910339
0.327881
0.434692
0.340668
0.243042
0
0
0
0
0
0
0
0
0
0
0
0
0
0
0
0
0
0
0
0
0
0
0
0
0
0
0
0
0
0
0
0
0
0
0
0
0
0
0
0
0
0
0
0
0
0
0
0
0
0
0
0
0
0
0
0
0
0
0
0
0
0
0
0
0
0
0
0
0
0
0
0
0
0
0
0
0
0
0
0
0
0
0
0
0
0
0
0
0
0
0
0
0
0.0905762
0.513733
0
0
1.01477
1.32993
0.118134
0
0
0
0
0
0.753754
0
0
0
0
0
0
0
0
0
0
0
0.962189
0.506012
0.557526
1.25336
0
0
0
0
0
0
0
0.838257
0
0
0.582458
0
0
0
0
0
0
0
0
0.702972
1.03333
0
0
0.132965
0
0
0
0
0
0
0.138519
0
0
0.607117
0
0.739807
0
0
0
0
0
0
0
1.35092
0
0
0
0
0
0
0
0
0
0.712982
0
0
0.345398
0.107483
0.395325
0
0
0
0
0.521332
1.52719
0
1.18179
0
0
0
0.415131
0.256927
0
0
0
0.998138
0
0
0.285034
0.218384
0
0
0
0
0
0.0868835
0
0.653778
0
0
0
0.81073
0
0.376465
0.208527
0.124786
0
0
0.319366
0.440796
0
0
0
0
0.279236
0
0
0
0
0.248688
0
0
0
1.65622
0.0370483
0.970428
0
0.307983
0
0
0.987549
0
1.18839
0
0
0
0
0.636414
0.235657
0
0.31076
0
0
0.382477
0
0
1.22882
0
0
0.518646
0.83371
0
0.349579
0.0234375
0
0
0.947021
0
0
0.571472
0
1.11322
0
0
0
0.172272
0
0.743408
0.013031
0
0.686066
0
0.739075
1.55383
0
0
0.374756
0.267609
0
0
1.33496
0
0
0.175171
0.640533
0.149353
0
0
0
0.167847
0.509186
0
0
0
0
0
1.53192
0
0
0
0.749115
1.0777
0
0
0.495087
0
0
0.631165
1.00021
0
0
0.154816
0
0
0
0.0758972
0
0
0.625763
0
0
0
0
0
0.941376
0
0
1.41486
0.000671387
0
0
0.951141
0
0
0.608307
0
0
0
0
0.789062
0
0.063324
0
0
0.29541
0
0
1.90784
0
0.268829
0.512482
0
0
0
0
0.0259094
1.15085
0.0883484
0
0
0
0
0
1.01996
0
0.987793
0
1.0715
0
0
1.04172
0.146912
0.921326
0
0
0.423065
0
0
0.48172
1.32596
0
0
0.29248
0
0
0.346741
0
0.555542
0.22876
0
0.650635
0
0
1.03781
1.18686
0
0.597504
0
0
0.0115967
0
1.36044
1.55685
0
0
1.91577
0.00671387
0.0846252
0
0
0
0
0.314026
0
0.0237732
0.262238
0.672882
0.27005
0
0.386108
0.363373
0
0.0876465
0
0
0.865295
0
0
1.21182
0
0.884369
0
0
0
0
0.043396
0.872284
0.129578
0.00717163
0
0
1.96973
0
1.91302
0
0
0.583527
0.0608826
0
0
0
1.65323
0.887604
0
0
0
0
0
0
0
0.976196
0.495667
0
2.30661
0.319489
0
0.789703
0
0
0.126678
0.383087
0.0466919
0.0427246
0
1.14862
0.702484
0.248962
0.69986
0
0
0
0
0
0.854858
2.03561
0
0
0
1.53543
0
0
0
0
0.234436
0.361145
0.646362
0.35614
2.01022
0.593933
0
0
0
0
0
0
0.90506
0
1.28528
0.335999
0
0.386353
0
0
1.57715
0.0940247
0
0.656982
0.359436
1.1058
1.49542
0.479919
0
0
0
0
0
0
0
0.0257568
0
0
0.267426
0
0
0
0
2.92267
1.60367
0.3078
0.495178
0.0823364
0.361816
0.0524902
0
0
0
0
0
0
0.0534668
0.036499
0
0
0
0
2.33475
0
0
0
1.11569
2.78232
0
0
0
0
0
0
0
0
0
0
0
0
0
0
0
0
0
0.183502
1.15662
0
0
0
3.96835
0
0
0
0
0.0263672
0
0
0
0
0
0
0
0
0
0
0
0
0.162109
1.36035
0
0
0
2.18369
0.825195
0
0
0
0
0
0
0
0
0
0
0
0
0
0
0
0
0.0706177
0.709869
0.640289
0
0
0.530518
3.49991
0.221436
0
0
0
0
0
0
0
0
0
0
0
0
0
0
0
0
0
0
2.07837
0
0
0
0
0
0
0
0.0953674
0.255127
0
0
0.039093
0
0
0
0
0
0.192352
0
0.563232
0.343658
0
0
1.98242
0
0
0
0
0
0
0
0
0
0
0
0.139954
0
0
0.19696
0.369598
0
0
0.25174
0.476196
0
0.876282
0
1.78149
0
0
0
0
0
0
0
0
0
0
0
0.170532
0.234589
0
0
0.649536
0
0
0
0
0.730255
0
0
2.25522
0
0
0
0
0.381409
0
0
0
0
0
0
0
0.176239
0.16507
0
0
0.66272
0
0
0
0.376587
0.505676
0
2.63159
0.133148
0
0
0
0
1.10364
0
0
0
0.128052
0
0.0700989
0
0
0
0.020752
0
0.249634
0.00463867
0
0.0809937
0.299774
0
2.37759
0.215973
0
0
0
0
0.278046
0
0
0
0
1.07748
0
0.83847
0
0
0.984772
0
0.505585
0
0
0.816803
0
0
2.48721
0.239441
0
0
0
0.322723
0
0
0
0.873535
0
0
0.626038
0.227234
0
0
0.922089
0
0.106567
0
0
0
0.845032
0
1.70883
0.634583
0
0
0
0
0.0454407
0
0.0236511
0.566956
0.00946045
0
0
1.2576
0
0.0221252
0
0
0
0
0
0
0.157776
0
0.134735
0.792023
0.652679
0
0
0
0
0
0
0
0.32663
0
0
0.393555
0
0
0.358307
0
0
0
0
0
0
0
0.831604
0
0.986359
0.118103
0
0
0
0
0
0
0
0.433075
0.3125
0
0
0
0.349548
0
0.303802
0.15863
0
0.295135
0
0
1.53098
0
1.28552
0.421814
0
0
0
0
0.224823
0
0
0
0
0.514709
0
0
0
0.502411
0
0
0
0.0166321
0.44397
0
2.07007
0
0.801361
0.851929
1.06287
0
0
0
0
0.579681
0
0
0
0.316376
0
0.237396
0
0
0.291107
0
0
0
0.0996399
0
1.65964
0
0
2.20447
0.788391
0
0
0
0
0
0
0.184326
0
0
1.73526
0
0
0.371429
0.730133
0
0.0432129
0
0
0.17746
1.07309
0
0
0.368835
1.38654
0.0404968
0
0
1.14157
0
0
0.464081
0
0
0.828247
0
0
0
0
0.767242
0
0.729156
0.0697021
0
0.713806
0.174835
0
0.0792847
0
0
1.67068
0
0.506287
0
0
0.98822
0
0
0.587372
0.265961
0.0233765
0
0
0
0
1.09103
0.93869
0
0.543945
0
0
0
2.10159
0
0
0.759277
0
0
0.0646667
0
0.245667
0.111908
0
0
0
0.421387
0.690063
0
0.533234
0.0644531
1.68472
0
0.729431
0
0
0.00195312
0
1.9512
0
0
0
0
0
0.0431519
0.112152
0
1.20575
0
0
0
0.141174
0.693909
0
0.267151
0.700348
0
0.515106
0
0
0.4534
0
0
2.03113
0
0
0
0
0.0252991
0.22348
0.0556335
0.668823
0.946686
0.382812
0.256866
0.101807
0.144318
0.423309
0.585999
0.171387
0.317078
0.270782
0.0125732
0
0
0
0.704254
0
0
0
0
0
0
0
0.481476
0.680328
0.276917
0.352203
0.698944
0.376587
0.10199
0.141327
0.640839
0.567383
0
0.603821
0
0.129364
0
0
0
0
0
0
0
0
0.274475
0.0406494
0.0388794
0.502563
0.207764
0.270508
0.393829
0.165588
0.340332
0.124786
0.502563
0.492462
0.102783
0
0
0
0
0.316864
0
0.423401
0.0195312
0.304993
0.360992
0.446838
0.655182
0.518768
0.456177
0.30835
0.45459
0.159546
0.177795
0.351166
0.102966
0.547424
0.258362
0.380096
0.210754
0
0.235565
0
0.281097
0
0
0
0.503387
0.427887
0.089325
0.483063
0.644867
0.486511
0.318665
0.380249
0.271179
0.177643
0.172699
0.442719
0.518799
0.17334
0.199097
0.413239
0
0
0
1.5755
0.427032
0
0
0
0
0.715698
0.437225
0.0872498
0.43399
0.394653
0.429779
0.280548
0.180664
0.629333
0.0801697
0.121582
0.441193
0.52478
0.436554
0
0.604492
0
0
0
0
0.857727
0
0
0.070282
0
0.0558472
0.0548706
0
0
0
0
0
0
0
0
0
0
0
0.10733
0
