0
0
0
0
0
0
0
0
0
0
0
0
0
0
0
0
0
0
0
0
0
0
0
0
0.345276
0
0
0
0
0
0
0
0
0.954742
1.47495
1.85352
2.18488
1.65152
0.430176
0
0
0
0
0
0
0.412506
1.10065
0.670624
0.360901
0
0
0
0
0.257416
0
0
0.556824
1.34442
1.63959
1.4725
1.23898
0.479584
0
0
0
0
0
0
0
0
0.145111
0.0010376
0.444092
0.266937
0
0.153839
0.876801
1.9563
1.8378
1.79703
1.39673
0.914673
0.401917
0
0
0
0
0
0
0
0
0
0
0
0
0
0.527405
0.784393
0.660034
1.34912
2.80026
3.36642
3.02914
1.57996
0.556274
0
0
0
0
0
0
0
0
0
0
0
0
0
0
0
0.114716
0.459381
0.5224
1.22052
2.45132
2.89243
1.92429
0.230896
0
0
0
0
0
0
0
0
0
0
0
0
0
0
0
0
0
0
0
0
0
0
0
0
0
0
0
0
0
0
0
0
0
0
0
0
0
0
0
0
0
0
0
0
0
0
0
0
0
0
0
0
0
0.0196228
0
0
0
0
0
0
0
0
0
0
0
0.140167
0
0
0
0
0
0
0
0
0
0
0
0
0
0
0
0
0
0
0
0
0
0
0.352386
1.00842
0.988007
0.283752
0
0
0
0
0
0
0
0
0
0
0
0
0
0
0
0
0
0
0
0
0.912506
1.59418
2.12643
1.58026
0
0
0
0.164551
0
0
0
0
0
0
0
0
0
0
0
0
0
0
0
0
0.435608
1.47031
2.99075
2.98959
0.626678
0
0
0
0
0
0
0
0
0
0
0
0
0
0
0
0
0
0
0
0
0.348633
1.22351
2.29657
0.832001
0
0
0
0
0
0
0
0
0
0
0
0
0
0
0
0
0
0
0
0
0
0
0.401001
1.79053
0.436859
0
0
0
0
0
0
0
0.256683
0.32132
0.169342
0
0
0
0
0
0
0
0
0
0
0
0
1.12631
0.806396
0.119476
0
0
0
0
0.191498
0
0
0.0381165
1.22998
0.36087
0
0
0
0.147919
0
0
0
0
0
0
0
0.41217
0.317352
0.35141
0
0
0.298676
0.17099
0.0737305
0
0
0
0
0
0.180573
0.635162
0.879852
0.981567
0.452148
0.573608
0.331848
0
0
0
0
0.0326233
0.616852
1.31213
1.25012
1.83548
1.65875
0.605988
0.626709
0.643555
0.220184
0.351288
0
0.251434
1.2478
1.90952
2.30072
1.7312
2.47946
4.04227
3.19559
0
0
0
0
0
0.921753
2.28091
2.01413
1.52646
0.588348
0
0.287994
0.853302
1.4809
2.23785
2.83115
2.73947
2.72781
2.83353
2.63986
2.4364
3.19827
4.50626
3.25046
0
0
0
0
0
0
0
0
0
0
0
0
0.0952759
1.08414
2.53583
3.1622
2.815
2.23325
1.58807
1.2706
1.1748
1.09451
0.995087
0
0
0
0
0
0
0
0
0
0
0
0
0
0.0632324
0.384399
0.971069
0.939514
0.600739
0.423096
0.151337
0
0
0
0
0
0
0
0
0
0
0
0
0.327789
0.434601
0.340637
0.242981
0
0
0
0
0
0
0
0
0
0
0
0
0
0
0
0
0
0
0
0
0
0
0
0
0
0
0
0
0
0
0
0
0
0
0
0
0
0
0
0
0
0
0
0
0
0
0
0
0
0
0
0
0
0
0
0
0
0
0
0
0
0
0
0
0
0
0
0
0
0
0
0
0
0
0
0
0
0
0
0
0
0
0
0
0
0
0
0
0
0
0
0
0
1.02963
0.513733
0
0
1.01486
1.32999
0.118134
0
0
0
0
0
0.753754
0
0
0
0
0
0
0
0
0
0
0.126465
0.761658
0.505951
0.557465
1.25339
0
0
0
0
0
0
0
0.838226
0
0
0.582428
0
0
0
0
0
0
0
0
0.703064
1.03345
0
0
0.132965
0
0
0
0
0
0
0.138519
0
0
0.607117
0
0.739868
0
0
0
0
0
0
0
1.35089
0
0
0
0
0
0
0
0
0
0.712921
0
0
0.345337
0.107513
0.395386
0
0
0
0
0.540833
1.75821
0
0.949524
0
0
0
0.415131
0.256866
0
0
0
0.998108
0
0
0.285034
0.218292
0
0
0
0
0
0.086853
0
0.702667
0
0
0
0.79599
0
0.376556
0.208557
0.124847
0
0
0.319458
0.440765
0
0
0
0
0.279327
0
0
0
0
0.248596
0
0
0
1.04297
0.721558
1.25766
0
0.307892
0
0
0.987518
0
1.18842
0
0
0
0
0.636353
0.235535
0
0.310608
0
0
0.382507
0
0
1.121
0
0
0.429108
0.902893
0
0.289062
0.0234375
0
0
0.946869
0
0
0.692474
0
1.11319
0
0
0
0.172241
0
0.743439
0.013031
0
0.686066
0
0.739014
1.55386
0
0
0.423706
0.267609
0
0
1.33493
0
0
0.139862
0.640472
0.149353
0
0
0
0.167877
0.509247
0
0
0
0
0
1.5318
0
0
0
1.27817
1.07764
0
0
0.495056
0
0
0.631134
1.00018
0
0
0.154816
0
0
0
0.0758667
0
0
0.625763
0
0.201202
0
0
0
0.854797
0
0
1.41486
0.000640869
0
0
0.951111
0
0
0.608276
0
0
0
0
0.789093
0
0.0632935
0
0
0.265076
0
0
3.33145
0
0.268677
0.512451
0
0
0
0
0.0259705
1.15076
0.0883789
0
0
0
0
0
1.01996
0
0.987793
0
1.07153
0
0
1.67987
0
0.921204
0
0
0.423035
0
0
0.481689
1.32593
0
0
0.29248
0
0
0.346741
0
0.555511
0.22876
0
0.650604
0
0
1.03784
1.18683
0
0.597534
0
0
0.0116577
0
1.36035
1.55685
0
0
1.9158
0.0067749
0.0846252
0
0
0
0
0.314026
0
0.0238037
0.262268
0.672913
0.27005
0
0.386078
0.363281
0
0.0877075
0
0
0.865326
0
0
1.21182
0
0.884369
0
0
0
0
0.0434265
0.872314
0.129669
0.00723267
0
0
1.9697
0
1.91293
0
0
0.583527
0.0608826
0
0
0
1.6532
0.887604
0
0
0
0
0
0
0
0.976166
1.11554
0
1.64096
0
0
0.789795
0
0
0.0924377
0.383057
0.0466003
0.0427246
0
1.14868
0.702393
0.248993
0.69989
0
0
0
0
0
0.854828
2.1355
0
0
0
1.61591
0
0
0
0
0.276001
0.361084
0.646393
0.356232
2.01022
0.593903
0
0
0
0
0
0
0.904999
0
1.28519
0.890503
0
0
0
0
2.21692
0.0940247
0
0.678009
0.337677
1.10587
1.49554
0.479889
0
0
0
0
0
0
0
0.0257568
0
0
0.267395
0.251251
0
0
0
3.9321
1.49991
0.30777
0.495148
0.0823364
0.361816
0.0524597
0
0
0
0
0
0
0.0535889
0.036499
0
0
0
0
2.46692
0
0
0
3.01605
2.61465
0
0
0
0
0
0
0
0
0
0
0
0
0
0
0
0
0
0.183502
1.49451
0
0
0.993988
3.69666
0
0
0
0
0.0262756
0
0
0
0
0
0
0
0
0
0
0
0
0.162109
1.36032
0
0
0
3.09167
0.817749
0
0
0
0
0
0
0
0
0
0
0
0
0
0
0
0
0.0706482
0.709961
0.640228
0
0
0.905487
3.98111
0.221436
0
0
0
0
0
0
0
0
0
0
0
0
0
0
0
0
0
0
2.07837
0
0
0
0
0
0
0
0.351257
0.255096
0
0
0.0391541
0
0
0
0
0
0.192383
0
0.563232
0.343597
0
0
1.98233
0
0
0
0
0
0
0
0
0
0
0
0.139984
0
0
0.196899
0.369507
0
0
0.25177
0.476135
0
0.876282
0
1.78152
0
0
0
0
0
0
0
0
0
0
0
0.170471
0.234467
0
0
0.649384
0
0
0
0
0.730164
0
0
2.25519
0
0
0
0
0.381409
0
0
0
0
0
0
0
0.176117
0.165192
0
0
0.662659
0
0
0
0.376465
0.505646
0
2.63156
0.133209
0
0
0
0
0.465363
0
0
0
0.128052
0
0.0699768
0
0
0
0.020813
0
0.249512
0.00469971
0
0.0809326
0.299774
0
2.3775
0.216034
0
0
0
0
0.19519
0
0
0
0
1.07751
0
0.83847
0
0
0.984833
0
0.505463
0
0
0.816681
0
0
2.4873
0.239319
0
0
0
0
0.103058
0
0
0.873627
0
0
0.626007
0.227264
0
0
1.06427
0
0.106628
0
0
0
0.845001
0
1.70883
0.634613
0
0
0
0
0.0189514
0
0
0.840057
0
0
0
1.25757
0
0
0
0
0
0
0
0
0.157745
0
0.134674
0.792023
0.65271
0
0
0
0
0
0
0.401825
0
0
0
0.393555
0
0
0.384308
0
0
0
0
0
0
0
0.831696
0
0.986237
0.118195
0
0
0
0
0
0
0
0.433014
0.312561
0
0
0
0.349579
0
0.303772
0.158691
0
0.295074
0
0
1.53116
0
1.28546
0.421875
0
0
0
0
0.831024
0
0
0
0
0.514709
0
0
0
0.502289
0
0
0
0.0166321
0.443909
0
2.07019
0
0.801331
0.851929
1.06287
0
0
0
0
1.12015
0
0
0
0.316254
0
0.237396
0
0
0.291138
0
0
0
0.0995789
0
1.65973
0
0
2.20459
0.788391
0
0
0
0
0
0
0.184296
0
0
1.73535
0
0
0.37149
0.730225
0
0.0430908
0
0
0.17746
1.07309
0
0
0.368805
1.38651
0.0404968
0
0
1.1416
0
0
0.463989
0
0
0.828278
0
0
0
0
0.767212
0
0.729034
0.0698242
0
0.713745
0.174744
0
0.0792542
0
0
1.67062
0
0.506317
0
0
0.988129
0
0
0.58725
0.2659
0.023468
0
0
0
0
1.09097
0.938599
0
0.544006
0
0
0
2.10159
0
0
0.759216
0
0
0.0648499
0
0.245636
0.111877
0
0
0
0.421509
0.689972
0
0.533325
0.0643616
1.68481
0
0.729462
0
0
0
0.994263
1.72925
0
0
0
0
0
0.106079
0.112152
0
1.20572
0
0
0
0.141174
0.694031
0
0.267181
0.700409
0
0.515106
0
0
0.103088
0
0
1.82956
0
0
0
0
0.115631
0.223389
0.0556946
0.668915
0.946503
0.382874
0.256958
0.101746
0.144287
0.42334
0.585907
0.171478
0.317047
0.270813
0.0125427
0
0
0
0.155548
0
0.0300903
0
0
0
0
0
0.481415
0.68045
0.276733
0.352173
0.699036
0.376648
0.101959
0.141144
0.64093
0.567413
0
0.603821
0
0
0
0
0
0
0
0
0
0
0.274445
0.0407104
0.0388794
0.502625
0.207672
0.270416
0.393799
0.165619
0.340454
0.124664
0.502533
0.492584
0.102844
0
0
0
0
0
0
0.201874
0.0194702
0.304871
0.361206
0.446899
0.655029
0.518738
0.456207
0.30835
0.454651
0.159546
0.177765
0.351196
0.103027
0.547424
0.25824
0.380096
0.210754
0
0
0
0.451355
0
0
0
0.503265
0.427765
0.0894775
0.483246
0.644775
0.486542
0.318726
0.380157
0.27121
0.177704
0.172638
0.442841
0.51889
0.173279
0.199188
0.4133
0
0
0
0.963074
0.936035
0
0
0
0
0.715729
0.437317
0.0872803
0.43399
0.394653
0.429901
0.280609
0.180573
0.629303
0.0802612
0.121643
0.441376
0.524628
0.436646
0
0.604523
0
0
0
0
0.99057
0
0
0.0702209
0
0.0559082
0.0549011
0
0
0
0
0
0
0
0
0
0
0
0.107361
0
