0
0
0
0
0
0
0
0
0
0
0
0
0
0
0
0
0
0
0
0
0
0
0
0
0
0
0
0
0
0
0
0
0
0.130615
1.50299
1.64435
1.39566
0.457001
0
0
0
0
0
0
0
0.0111694
0.407837
0.152039
0
0
0
0
0
0
0
0
0.334076
0.73114
0.269409
0
0
0
0
0
0
0
0
0
0
0
0
0
0
0
0
0
0
0.533478
0.753967
1.02991
1.19574
0.826782
0.210938
0
0
0
0
0
0
0
0
0
0
0
0
0
0.219452
0
0
0.831573
2.47656
3.48038
2.81024
1.94473
0.517853
0.187256
0
0
0
0
0
0
0
0
0
0
0
0
0
0
0.075592
0.0853271
0
1.47131
2.17148
3.13226
1.7327
1.2916
0
0
0
0
0
0
0
0
0
0
0
0
0
0
0
0
0
0
0
0
0
0
0
0
0
0
0
0
0
0
0
0.0706787
0
0
0
0
0
0
0
0
0
0
0
0
0
0
0
0
0
0
0
0
0
0
0
0
0
0
0
0
0
0
0
0
0
0
0
0
0
0
0
0
0
0
0
0
0
0
0
0
0
0
0
0
0
0
0
0
0
0.22525
0.151428
0
0
0
0
0
0
0
0
0
0
0
0
0
0
0
0
0
0
0
0
0
0.91272
1.27042
1.25793
0.396423
0
0
0
0
0
0
0
0
0
0
0
0
0
0
0
0
0
0
0
0
0.266876
1.2995
2.56973
1.86899
0.0344849
0
0
0
0
0
0
0
0
0
0
0
0
0
0
0
0
0
0
0
0
0.108398
1.22394
1.99747
0.713135
0
0
0
0
0
0
0
0
0
0
0
0
0
0
0
0
0
0
0
0
0
0
0.401489
1.18518
0
0
0
0
0
0
0
0
0.0872803
0.0106201
0
0
0
0
0
0
0
0
0
0
0
0
0
1.02164
0.700897
0.371582
0
0
0
0.188324
0.199066
0
0
0
0.427185
0
0
0
0
0
0
0
0
0
0
0
0
0.0715027
0.0682373
0.191132
0
0
0.356689
0.295074
0.0682068
0
0
0
0
0
0
0
0
0
0
0
0
0
0
0
0
0
0
0.737762
0.788513
1.18576
0.73877
0
0
0.0840149
0
0.352142
0
0
0
0.575989
1.23621
1.29068
2.13257
3.72485
3.00739
0
0
0
0
0
0
1.02954
1.48099
1.36392
0.649353
0
0.050293
0.770599
1.38718
2.07376
2.229
1.87292
1.9082
2.17593
2.55823
2.41754
2.86404
3.84647
2.7395
0
0
0
0
0
0
0
0
0
0
0
0
0
0.389191
1.45032
2.14572
2.42068
2.23254
1.48322
0.729584
0.45047
0.292358
0.259796
0
0
0
0
0
0
0
0
0
0
0
0
0
0
0
0
0
0
0
0
0
0
0
0
0
0
0
0
0
0
0
0
0
0.266937
0.284729
0.193115
0
0
0
0
0
0
0
0
0
0
0
0
0
0
0
0
0
0
0
0
0
0
0
0
0
0
0
0
0
0
0.0687256
0.353088
0.369415
0
0
0
0
0
0
0
0
0
0
0
0
0
0
0
0
0
0
0
0.0206909
0
0
0
0
0
0
0
0
0
0
0
0
0
0
0
0
0
0
0
0
0
0
0
0
0
0
0
0
0
0
0
0
0
0
0
0
0
0
0
0
0
0
0
0
0.799927
0.930145
0.339417
0
0
0
0
0
0.754059
0
0
0
0
0
0
0
0
0
0
0
0.164551
0.585327
0.428741
0.882996
0
0
0
0
0
0
0
0.838745
0
0
0.419128
0.172424
0
0
0
0
0
0
0
0.398956
1.08282
0
0
0.124237
0
0
0
0
0
0
0.138947
0
0
0.624054
0
0
0
0
0
0
0
0
0
1.26892
0
0
0
0
0
0
0
0
0
0.61322
0
0
0.345703
0.0769348
0
0
0
0
0
0.13269
0.903137
0
1.61502
0
0
0
0.415558
0.257202
0
0
0
0.858307
0
0
0.285339
0.21875
0
0
0
0
0
0
0
0.236847
0
0.309418
0
0.0633545
0
0.204193
0.208984
0.125092
0
0.165314
0.0700989
0.222778
0
0
0
0
0.279663
0
0
0
0
0.0708008
0
0.104065
0
1.10355
0
0
0
0.10965
0.157257
0
0.987854
0
0.56665
0
0
0
0
0.63678
0.235901
0
0.311157
0
0
0
0
0
0.930267
0
0
0
0.452667
0.0107117
0.245636
0.0353699
0
0
0.279785
0
0
0
0
1.11362
0
0
0
0.172607
0
0.61615
0.0525513
0
0.991852
0
0.414124
1.30069
0
0.247162
0
0.417358
0
0
1.23996
0
0
0
0.65387
0.149719
0
0
0
0.168213
0.339905
0
0
0
0
0
1.07401
0
0
0
0
0.469666
0
0
0.864044
0
0
0.131989
1.00046
0
0
0.155365
0
0
0
0.081543
0
0
0.544556
0
0
0
0
0
0.531769
0
0
1.41522
0.000946045
0
0.138977
0.416992
0
0
0.608765
0
0
0
0
1.0097
0
0
0
0
0.291748
0
0
0
0
0.269135
0.512817
0
0
0
0
0
1.15118
0.0888672
0
0
0
0
0
0.966187
0
0.943451
0
0.847107
0
0
0.0809631
0.405396
0.921753
0
0
0.407898
0
0
0.363159
1.06412
0
0
0.505798
0
0
0.340454
0
0.170502
0.229309
0
0.548126
0
0
0.924561
1.11111
0
0.59787
0
0
0
0
1.09454
1.23315
0
0
2.24869
0
0
0.254395
0
0
0
0.314545
0
0.00848389
0.28537
0.718597
0.28241
0
0.386597
0.0866699
0
0.40332
0
0
0.735168
0
0
1.47668
0
0
0.189758
0
0
0
0
0.890808
0
0
0
0
1.80353
0
1.66644
0
0
0.188568
0.0612793
0
0
0
1.82324
0.350372
0
0
0
0
0
0
0
0.949524
0
0
2.11432
1.09186
0
0.336731
0
0
0.432983
0
0.359589
0.0978394
0
1.03809
0
0
0
0
0.0552063
0
0
0
0.469025
1.39691
0
0.268158
0
0.163483
0
0
0
0.159515
0
0
0.032959
0.36969
1.79984
0
0
0
0
0
0
0
0.762726
0
0.870697
0
0
0
0
0
0
0.341034
0
0.292694
0
1.07883
1.58157
0.411438
0
0
0
0
0
0
0
0
0
0
0
0
0.242279
0
0
0.519501
1.84402
0.129944
0.346497
0.0434875
0.287811
0
0
0
0
0
0
0
0
0
0
0
0
0
1.08005
0
0
0
0
2.87695
0
0
0
0
0
0
0
0
0
0
0
0
0
0
0
0
0
0
0.880005
0
0
0
2.72531
0
0
0
0
0
0
0
0
0
0
0
0
0
0
0
0
0
0
1.28244
0
0.172791
0
0.631561
0.951843
0
0
0
0
0
0
0
0
0
0
0
0
0
0
0
0
0
0.374054
0.228577
0
0
0.0151672
1.89035
0.241394
0
0
0
0
0
0
0
0
0
0
0
0
0
0
0
0
0
0
1.27673
0
0
0
0
0
0
0
0.134949
0
0
0
0
0
0
0
0
0
0.192535
0
0.563446
0
0
0
1.27231
0
0
0
0
0
0
0
0
0
0
0
0.352081
0
0
0.237274
0.369904
0
0
0.252106
0.47644
0
0
0
1.09085
0
0
0
0
0
0
0
0
0
0
0
0.240356
0.248718
0
0
0.532288
0.0294189
0
0
0
0.324829
0
0
1.54822
0
0
0
0
0
0
0
0.108582
0
0
0
0
0.183777
0.0671082
0
0.0491943
0.617706
0
0
0
0.316681
0
0
1.72479
0
0
0
0
0
0.706757
0
0
0
0.12854
0
0.0703735
0
0
0
0.206116
0
0.249878
0.00497437
0
0
0.220306
0
1.35519
0
0
0
0
0
0
0.00308228
0
0.0958252
0
1.07809
0
0.375519
0
0
0.729126
0
0.50589
0
0
0.817078
0
0
1.46002
0.102112
0
0
0
0.189148
0
0
0
0.292542
0.162018
0
0.626404
0
0
0.382904
0
0.166931
0.141602
0
0
0
0.845459
0
1.38409
0.390778
0
0
0
0.00912476
0
0
0
0
1.07394
0
0
0.827179
0
0.434326
0
0.0874939
0
0
0
0
0.158264
0
0.139282
0.845642
0
0
0
0
0
0
0
0
0.426758
0.164398
0
0.231903
0
0.0613708
0
0.0607605
0
0
0
0
0
0
0.833527
0
0.585083
0
0
0
0
0
0
0
0
0.375458
0.312836
0
0
0.11731
0
0
0.304077
0.15921
0
0.295471
0
0
1.53134
0
1.14557
0
0
0
0
0
0
0
0
0
0
0.515198
0
0
0
0.600464
0
0
0
0.0170593
0.444366
0
1.61447
0
0.80603
0.509338
0.385071
0
0.0185547
0
0
0
0
0
0
0.145355
0
0.223175
0
0
0.291565
0
0
0
0.0997925
0
1.10233
0
0
2.09543
0.503357
0
0
0
0
0.167938
0
0.184631
0
0
1.70413
0
0
0.61203
0.624664
0
0.227814
0
0
0.189545
0.694702
0
0
0.369232
1.11951
0.0897522
0
0
1.25995
0
0
0.464447
0
0
0.951019
0
0
0
0
0.60141
0
0
0.372559
0.172913
0.346771
0.290985
0
0.0797729
0
0.00521851
1.43408
0
0.762787
0
0
0.179047
0.50882
0
0.573029
0.0961304
0.144257
0
0
0
0
0.669281
0.695068
0.142334
0.116943
0.182617
0
0
1.41827
0
0
0.548462
0
0.0798645
0
0
0.739349
0.112213
0
0
0
0.617096
0.188477
0.105499
0.015564
0
1.58597
0.200897
0.244385
0.1185
0
0.828583
0
0.708221
0
0
0.306183
0
0
0
0
0
1.09451
0
0
0
0
0.170288
0
0.273041
0.702332
0
0.0716858
0
0
0
0
0
0.420258
0
0
0
0
0
0.0549927
0
0.574646
0.771332
0.114777
0.104797
0
0.0808411
0.0581665
0.438904
0.330627
0.310211
0
0
0
0
0
0
0
0
0
0
0
0
0
0.49765
0.345306
0
0.180389
0.280121
0.17395
0.0560608
0
0.366882
0.489807
0.214722
0.398895
0
0
0
0
0
0
0.190643
0
0
0
0.0533447
0
0
0.219971
0
0.052002
0.174316
0.0325623
0.113464
0.0473328
0.282715
0.372345
0.486389
0
0
0
0
0.585358
0
0.261383
0
0.108307
0.132629
0.33905
0.426147
0.227722
0.15744
0.091217
0.112549
0.00979614
0.0545959
0.152924
0.109528
0.466492
0.353485
0.310211
0.491516
0
0.970093
0
0
0
0
0
0.22464
0.234406
0
0.286316
0.379578
0.201904
0.0635376
0.122772
0.0838318
0.0402222
0.131073
0.326782
0.489929
0.251129
0.255341
0.16748
0.26358
0
0
1.3941
0.083374
0
0
0
0
0.259247
0.181915
0.0580139
0.211731
0.158997
0.167755
0.125031
0.118042
0.258545
0.141876
0.184113
0.268646
0.246185
0.119995
0
0.815308
0
0
0
0
0.253418
0
0
0.0884705
0
0
0.0137024
0
0
0
0
0
0
0
0
0
0
0
0
0
