0
0
0
0
0
0
0
0
0
0
0
0
0
0
0
0
0
0
0
0
0
0
0
0
0
0
0
0
0
0
0
0
0
0.130219
1.50272
1.6441
1.39548
0.456696
0
0
0
0
0
0
0
0.0107422
0.407532
0.152008
0
0
0
0
0
0
0
0
0.333801
0.730835
0.269043
0
0
0
0
0
0
0
0
0
0
0
0
0
0
0
0
0
0
0.533173
0.753662
1.0296
1.19534
0.826385
0.210571
0
0
0
0
0
0
0
0
0
0
0
0
0
0.21933
0
0
0.831329
2.47629
3.47998
2.80988
1.94431
0.517487
0.186951
0
0
0
0
0
0
0
0
0
0
0
0
0
0
0.0754395
0.085083
0
1.47101
2.17117
3.13199
1.7323
1.29114
0
0
0
0
0
0
0
0
0
0
0
0
0
0
0
0
0
0
0
0
0
0
0
0
0
0
0
0
0
0
0
0.0704346
0
0
0
0
0
0
0
0
0
0
0
0
0
0
0
0
0
0
0
0
0
0
0
0
0
0
0
0
0
0
0
0
0
0
0
0
0
0
0
0
0
0
0
0
0
0
0
0
0
0
0
0
0
0
0
0
0
0.224884
0.151215
0
0
0
0
0
0
0
0
0
0
0
0
0
0
0
0
0
0
0
0
0
0.912476
1.27014
1.2576
0.396118
0
0
0
0
0
0
0
0
0
0
0
0
0
0
0
0
0
0
0
0
0.266632
1.2991
2.56927
1.86856
0.0340576
0
0
0
0
0
0
0
0
0
0
0
0
0
0
0
0
0
0
0
0
0.107941
1.22354
1.99722
0.712769
0
0
0
0
0
0
0
0
0
0
0
0
0
0
0
0
0
0
0
0
0
0
0.401001
1.18481
0
0
0
0
0
0
0
0
0.0869141
0.0102844
0
0
0
0
0
0
0
0
0
0
0
0
0
1.02133
0.7005
0.371277
0
0
0
0.187744
0.1987
0
0
0
0.426758
0
0
0
0
0
0
0
0
0
0
0
0
0.0711365
0.0678101
0.190857
0
0
0.356323
0.294586
0.0678101
0
0
0
0
0
0
0
0
0
0
0
0
0
0
0
0
0
0
0.737427
0.787994
1.18546
0.738434
0
0
0.0835876
0
0.351837
0
0
0
0.575897
1.23611
1.29053
2.13235
3.72455
3.00726
0
0
0
0
0
0
1.02908
1.48053
1.36356
0.648865
0
0.0498962
0.770233
1.38669
2.07336
2.22876
1.87268
1.90805
2.17575
2.55801
2.41736
2.8638
3.8461
2.73926
0
0
0
0
0
0
0
0
0
0
0
0
0
0.388763
1.44998
2.14548
2.42047
2.23245
1.483
0.729309
0.450256
0.292114
0.259521
0
0
0
0
0
0
0
0
0
0
0
0
0
0
0
0
0
0
0
0
0
0
0
0
0
0
0
0
0
0
0
0
0
0.266693
0.284607
0.192902
0
0
0
0
0
0
0
0
0
0
0
0
0
0
0
0
0
0
0
0
0
0
0
0
0
0
0
0
0
0
0.0684814
0.352814
0.369049
0
0
0
0
0
0
0
0
0
0
0
0
0
0
0
0
0
0
0
0.0204468
0
0
0
0
0
0
0
0
0
0
0
0
0
0
0
0
0
0
0
0
0
0
0
0
0
0
0
0
0
0
0
0
0
0
0
0
0
0
0
0
0
0
0
0
0.799835
0.930054
0.339264
0
0
0
0
0
0.753754
0
0
0
0
0
0
0
0
0
0
0
0.164215
0.584991
0.428467
0.882721
0
0
0
0
0
0
0
0.838226
0
0
0.418945
0.172272
0
0
0
0
0
0
0
0.398743
1.08252
0
0
0.123993
0
0
0
0
0
0
0.138519
0
0
0.623749
0
0
0
0
0
0
0
0
0
1.26859
0
0
0
0
0
0
0
0
0
0.612946
0
0
0.345337
0.0765076
0
0
0
0
0
0.132477
0.902802
0
1.61472
0
0
0
0.415131
0.256927
0
0
0
0.857849
0
0
0.285065
0.218292
0
0
0
0
0
0
0
0.236542
0
0.309113
0
0.0629883
0
0.203766
0.208496
0.124878
0
0.164948
0.0697937
0.222504
0
0
0
0
0.279266
0
0
0
0
0.0706482
0
0.103973
0
1.10309
0
0
0
0.109314
0.156921
0
0.987549
0
0.566467
0
0
0
0
0.636322
0.235596
0
0.310608
0
0
0
0
0
0.929962
0
0
0
0.452301
0.0104065
0.24527
0.0350037
0
0
0.279449
0
0
0
0
1.11322
0
0
0
0.172241
0
0.615814
0.0523376
0
0.991547
0
0.413605
1.30032
0
0.246735
0
0.416901
0
0
1.23965
0
0
0
0.653412
0.149384
0
0
0
0.167938
0.339691
0
0
0
0
0
1.07349
0
0
0
0
0.469299
0
0
0.863586
0
0
0.131622
1.00015
0
0
0.154785
0
0
0
0.0812683
0
0
0.544312
0
0
0
0
0
0.531372
0
0
1.41486
0.000640869
0
0.13855
0.416687
0
0
0.608307
0
0
0
0
1.00928
0
0
0
0
0.291473
0
0
0
0
0.268768
0.512451
0
0
0
0
0
1.15076
0.0884705
0
0
0
0
0
0.96579
0
0.942993
0
0.846741
0
0
0.0805054
0.404999
0.921265
0
0
0.407501
0
0
0.362579
1.06363
0
0
0.505463
0
0
0.340179
0
0.170135
0.22876
0
0.547638
0
0
0.924194
1.11072
0
0.597534
0
0
0
0
1.09421
1.23288
0
0
2.24844
0
0
0.25412
0
0
0
0.314026
0
0.00808716
0.284973
0.718384
0.282196
0
0.386078
0.0861511
0
0.403076
0
0
0.734894
0
0
1.47647
0
0
0.189606
0
0
0
0
0.890442
0
0
0
0
1.80322
0
1.66602
0
0
0.188171
0.0608521
0
0
0
1.82303
0.35022
0
0
0
0
0
0
0
0.949127
0
0
2.11383
1.09152
0
0.336212
0
0
0.432495
0
0.359192
0.0975952
0
1.03787
0
0
0
0
0.0549316
0
0
0
0.468597
1.39648
0
0.26767
0
0.162964
0
0
0
0.159149
0
0
0.0325317
0.369354
1.79962
0
0
0
0
0
0
0
0.762421
0
0.8703
0
0
0
0
0
0
0.34079
0
0.292297
0
1.07855
1.58118
0.411163
0
0
0
0
0
0
0
0
0
0
0
0
0.241913
0
0
0.519196
1.84372
0.129669
0.346039
0.0431519
0.287445
0
0
0
0
0
0
0
0
0
0
0
0
0
1.07974
0
0
0
0
2.87668
0
0
0
0
0
0
0
0
0
0
0
0
0
0
0
0
0
0
0.879578
0
0
0
2.72488
0
0
0
0
0
0
0
0
0
0
0
0
0
0
0
0
0
0
1.2822
0
0.172333
0
0.631165
0.95163
0
0
0
0
0
0
0
0
0
0
0
0
0
0
0
0
0
0.37384
0.228363
0
0
0.0149536
1.89017
0.241119
0
0
0
0
0
0
0
0
0
0
0
0
0
0
0
0
0
0
1.27664
0
0
0
0
0
0
0
0.134705
0
0
0
0
0
0
0
0
0
0.192383
0
0.563202
0
0
0
1.27216
0
0
0
0
0
0
0
0
0
0
0
0.351807
0
0
0.236725
0.369568
0
0
0.251801
0.476074
0
0
0
1.09073
0
0
0
0
0
0
0
0
0
0
0
0.23996
0.248383
0
0
0.53186
0.0291443
0
0
0
0.324493
0
0
1.54813
0
0
0
0
0
0
0
0.108154
0
0
0
0
0.183472
0.0667419
0
0.0488892
0.617401
0
0
0
0.316254
0
0
1.72464
0
0
0
0
0
0.70639
0
0
0
0.127991
0
0.0700073
0
0
0
0.205811
0
0.249603
0.00466919
0
0
0.220093
0
1.35504
0
0
0
0
0
0
0.00280762
0
0.095459
0
1.07755
0
0.375275
0
0
0.728638
0
0.505402
0
0
0.816681
0
0
1.45978
0.101685
0
0
0
0.188782
0
0
0
0.292175
0.161621
0
0.626038
0
0
0.38266
0
0.166626
0.141235
0
0
0
0.845032
0
1.38391
0.390503
0
0
0
0.00878906
0
0
0
0
1.07358
0
0
0.826874
0
0.434082
0
0.0871887
0
0
0
0
0.157837
0
0.13916
0.845337
0
0
0
0
0
0
0
0
0.426208
0.163971
0
0.231537
0
0.0611572
0
0.0603333
0
0
0
0
0
0
0.833252
0
0.584778
0
0
0
0
0
0
0
0
0.375
0.312469
0
0
0.117065
0
0
0.303772
0.158691
0
0.295135
0
0
1.53113
0
1.14526
0
0
0
0
0
0
0
0
0
0
0.514679
0
0
0
0.600067
0
0
0
0.0166321
0.443909
0
1.6142
0
0.805634
0.509033
0.384644
0
0.0182495
0
0
0
0
0
0
0.144867
0
0.222778
0
0
0.291168
0
0
0
0.0995178
0
1.10202
0
0
2.09506
0.503052
0
0
0
0
0.167511
0
0.184357
0
0
1.70377
0
0
0.611542
0.624237
0
0.22757
0
0
0.189362
0.694366
0
0
0.368774
1.11917
0.0893555
0
0
1.25967
0
0
0.463959
0
0
0.950745
0
0
0
0
0.601135
0
0
0.372253
0.172699
0.346466
0.290619
0
0.0793152
0
0.00485229
1.43381
0
0.762512
0
0
0.17865
0.508484
0
0.572632
0.0958862
0.144012
0
0
0
0
0.669067
0.694824
0.142273
0.116638
0.18222
0
0
1.41788
0
0
0.548065
0
0.0794983
0
0
0.738953
0.111847
0
0
0
0.616852
0.188354
0.105469
0.0155029
0
1.58572
0.200745
0.24411
0.11795
0
0.828278
0
0.707855
0
0
0.305847
0
0
0
0
0
1.09418
0
0
0
0
0.170258
0
0.272797
0.701874
0
0.0713806
0
0
0
0
0
0.419891
0
0
0
0
0
0.0546265
0
0.574371
0.771149
0.114685
0.104614
0
0.0806274
0.0578613
0.438568
0.33017
0.309937
0
0
0
0
0
0
0
0
0
0
0
0
0
0.497284
0.345062
0
0.180206
0.279907
0.173615
0.0559082
0
0.366608
0.489441
0.214478
0.398651
0
0
0
0
0
0
0.190369
0
0
0
0.0531616
0
0
0.219757
0
0.0517883
0.174042
0.0322266
0.113159
0.0470886
0.282501
0.372162
0.486206
0
0
0
0
0.58493
0
0.261047
0
0.108002
0.132355
0.338898
0.425934
0.227448
0.157227
0.0910339
0.112244
0.00958252
0.0543823
0.152679
0.109222
0.466156
0.353333
0.309937
0.491394
0
0.969696
0
0
0
0
0
0.224457
0.234161
0
0.286011
0.379303
0.20166
0.0632019
0.122467
0.0835876
0.0399475
0.130829
0.326538
0.489563
0.250946
0.255127
0.167206
0.263336
0
0
1.39377
0.0830078
0
0
0
0
0.258881
0.181732
0.0577087
0.211456
0.158722
0.167542
0.124756
0.117676
0.25824
0.141571
0.183929
0.268402
0.245911
0.119873
0
0.815125
0
0
0
0
0.253174
0
0
0.0882874
0
0
0.0134277
0
0
0
0
0
0
0
0
0
0
0
0
0
