0
0
0
0
0
0
0
0
0.994049
0.548798
0
0
0
0
0
0
0
0
0
0
0
0
0
0
0
0
0
0
0
0
0
0
0
0
0
0
0
0
0
0
0
0
0
0
0
0
0
0
0
0
0
0
0
0
0
0
0
0
0
0
0
0
0
0
0
0
0
0
0
0
0
0.106659
0
0
0
0
0
0
0
0
0
0
0
0
0
0
0
0
0
0
0
0
0
0
0
0
0
0
0
0
0
0
0
0
0
0
0
0
0
0
0
0
0
0
0
0
0
0
2.03381
1.22275
0
0
0
0
0
0
0
0
0
0.301422
1.12073
0
0
0
0
0
0
0.937683
0.87973
0.548492
0.575012
0.503204
1.01654
0
0
0
0
0
0
0
0
0
0
0
0
0
0
0
0
0
0
0
0
0
0
0
0
0
0
0
0
0
0
0
0
0
0
0
0
0
0
0
0
0
0
0
0
0
0
0
0
0
0
0
0
0
0
0
0
0
0
0
0
0
0
0
0
0
0
0
0
0
0
0
0
0
0
0
0
0
0
0
0
0
0
0
0
0
0
0
0
0
0
0
0
0
0
0
0
0
0
0
0
0
0
0
0
0.502441
0.918701
0.710388
0
0
0
0
0
0
0
4.56512
2.64398
2.63116
0.726959
0.967224
0
0
0
0
0
0
2.04251
3.86432
4.14062
4.29752
2.35516
1.74164
0
0
0
0
0
0
0.632233
1.62173
2.22696
2.14005
1.5018
1.81253
0
0
0
0
0
0
0
0
0.781891
2.97305
0.82019
0
0
0
0
0
0
0
0
0
0
0
0
0
0
0
0
0
0
0.898926
2.68524
0
0
0
0
0
0
0
0
0
0
0
0
0
0
0
0
0
0
0
0
0
0
0
0
0
0
0
0
0
0
0
0
0
0
0
0
0
0
0
0
0
0
0
0
0
0
0
0
0
0
0
0
0
0
3.9649
0
0
0
0
0
0
0
0
0
0
0
2.85883
0
0
0
0
0
0
0
0
0.960449
0
0
3.30386
0
0
0
1.17294
1.47833
0
0
0.243317
3.1553
1.61264
0
3.04587
0
0
0
1.94232
0
0
0
0
0
0
0
0
0
0.818176
6.50671
6.08688
2.16782
1.63281
1.56427
2.21765
2.67361
2.50317
0.392853
2.15964
