0
0
0
0
0
0
0
0
0
0
0
0
0.379944
0
0
0
0
0
0
0
0
0.982819
1.50116
1.87411
0.394989
0
0
0
0
0.293976
0.00631714
0
0.573792
1.37152
1.67416
1.51312
0.476196
0.301544
0
0.188416
0.911865
1.9939
1.87436
1.82693
1.42322
0.933105
0.422852
0
0.555481
0.819458
0.698181
1.38565
2.8317
3.397
3.05969
1.61148
0.573761
0
0
0
0.129822
0.493958
0.557983
1.25137
2.47403
2.90085
1.95084
0.247711
0
0
0
0
0
0
0
0
0
0
0
0
0
0
0
0
0
0
0
0
0
0
0
0
0
0
0
0
0
0.166748
0
0
0
0
0
0
0
0
0
0
0.341949
1.03067
1.01764
0.316376
0
0
0
0
0
0
0
0
0.919403
1.6171
2.1535
1.61136
0
0
0
0.15683
0
0
0
0
0.437012
1.49268
3.01581
3.01816
0.66571
0
0
0
0
0
0
0
0
0
0
0
0
0
0
0
1.02951
0.513733
0
0
0
0
0
0
0
0
0
0.126587
0.761749
0.506042
0.557495
1.25333
0
0
0
0
0
0
0
0.703064
1.03348
0
0
0.132874
0
0
0
0
0
0
0
1.35083
0
0
0
0
0
0
0
0.540649
1.75806
0
0.949463
0
0
0
0.4151
0.256836
0
0.086792
0
0.702545
0
0
0
0.795868
0
0.376465
0.208588
0.124725
0
0.248627
0
0
0
1.043
0.721497
1.2576
0
0.3078
0
0
0
0.382477
0
0
1.12109
0
0
0.429108
0.902679
0
0.288971
0.0233765
0
0.743408
0.013031
0
0.686096
0
0.739014
1.55383
0
0
0.423676
0.267609
0.509216
0
0
0
0
0
1.5318
0
0
0
1.27817
1.07764
0
0.0758362
0
0
0.625732
0
0.201111
0
0
0
0.854858
0
0
0.788971
0
0.0632935
0
0
0.265045
0
0
3.33145
0
0.268738
2.86902
0.361694
0.0649109
0.228882
0.161438
0.391327
0
0
0.844849
0.694702
0
0
2.68896
0.548096
0
0.084259
0.367462
0.123779
0
0
0
0
0
0
2.44058
0.865601
0.0840454
0
0.108612
0.241882
0
0
0
0.0507507
0
0
2.98102
0.626221
0.111664
0
0
1.08334
0
0
0.0815735
0
0
0
3.45566
0.640686
0
0
0
0
0.483612
0
0
0
0.13916
0
3.24472
0.629272
0.469788
0
0
0
0.308716
0
0.309479
0
0
1.26968
3.36237
0.655609
0.163147
0
0
0.697174
0.327087
0
0
1.17331
0
0
2.47202
1.15512
0.434143
0
0
0
0.430573
0
0.291779
1.24149
0
0
0.499207
1.34293
1.49142
0
0
0
0
0.216644
0
0.817841
0
0
1.00104
0.171051
1.80682
0.74057
0
0
0
0.557587
0
0
0
0.53241
1.7562
0
1.9267
0.854889
0
0
0
0
1.26251
0
0
0
2.48727
0
1.12994
1.05136
1.63098
0
0.464996
0
0
1.30432
0
0.0357971
