0.395214
0
0.294338
0.574157
1.67462
2.21635
2.21635
0.458538
0
0
1.13365
1.13365
0.819802
2.83206
3.39727
3.06008
1.67462
1.67462
1.27404
0
0
0
0.178129
0.178129
0.819802
2.83206
3.39727
3.06008
0.574187
0
0
0
0
0
0
0
0.167093
0
0
0
0
0
0.0375075
0
0
0
0
0
2.15389
2.15389
0
0.157137
0
0
0
0
0
0
0
0
3.01617
3.01856
0.862394
0.157137
0
0
0
0
0
0
0
0
1.23582
2.31436
1.80587
0.123345
0
0.198821
0.348712
1.2544
0.401299
0.178858
0.178858
0
0
1.12701
1.3053
1.83774
1.83774
0.64081
0.64081
1.2544
1.94402
2.33216
4.06863
4.06863
0
0.0237726
2.2937
2.2937
1.83774
0.835492
2.53774
3.1877
2.86449
2.86449
4.52515
4.52515
0
0
0
0.438461
0.438461
0.245716
2.53774
3.1877
2.84248
1.60102
1.17612
0.990348
0
0
0
0.438461
0.438461
0.245716
0
0
0
0
0
0
0
0
0
0
0
0
0
0
0
0
0
0
0
0
0
1.03387
1.03387
1.25369
1.33017
0.11831
0.138884
0.838694
0.75403
0.740062
0
1.75865
1.75865
1.35123
1.03387
0.415531
0
0.998553
0.713286
0.345729
0.607478
0.740062
0.249014
1.75865
1.75865
1.25815
0.415531
0.987864
1.18874
1.18874
0.285343
0.636777
0.31103
0.31103
0.743867
1.12144
1.12144
1.55428
0.903214
0.987864
1.3353
1.3353
0.692933
1.11358
0.31103
0.31103
0.743867
0.686429
1.53231
1.55428
1.27863
1.27863
1.41521
1.3353
1.00052
1.00052
0.60866
0.16819
1.02031
0.988229
1.07198
1.68036
3.33192
0.92167
1.41521
0.482146
1.32625
1.15118
0.60866
0.346969
1.02031
0.988229
1.07198
1.68036
1.68036
0.92167
0.423502
1.55724
1.55724
1.91618
0.884669
0.346969
0.976548
1.11596
1.64151
1.97006
1.91334
0.583972
0.583972
1.149
1.6536
1.21217
0.884669
0
2.13595
2.13595
1.64151
2.21736
0.790202
1.10623
1.49589
2.01056
1.149
0.700173
0.026156
0.905299
2.46738
0.890903
3.93249
3.93249
0.678451
1.10623
1.49589
0.480278
0
0.0538919
0.0368275
0.026156
2.46738
3.09219
3.6971
2.61502
0.0266261
0.0266261
0
0
0
0
0.0710022
0.710183
1.36053
3.98133
3.98133
0
0
0
0
0
0
0
0.0710022
0.710183
2.86918
0.367994
0.391596
0.84514
0.84514
0.188128
0.238818
1.03437
1.03437
0.656754
0.828702
0.828702
3.45599
0.112274
1.08392
0.483997
0.139544
0.155988
0.401296
1.03437
1.03437
0.249607
0.745962
0.424342
3.45599
0.47034
0.697639
0.483997
1.17374
1.27001
0.955733
1.76484
1.76484
0.661512
0.984521
0.917711
3.36278
1.49192
0.697639
0.431038
1.24178
0.611077
1.27564
1.76484
1.76484
0.226931
0.917711
0.917711
1.92715
1.92715
0
1.26304
1.26304
0.532923
0.493787
0.747647
0.747647
0.220454
0.604306
0.604306
2.48758
2.69386
1.63146
1.26304
1.30472
0.420966
2.45488
2.45488
1.0925
1.0925
0.604306
0.604306
2.06976
2.69386
1.87621
1.87621
1.66929
1.27635
2.45488
2.45488
1.0925
1.0925
1.40165
1.35819
1.28474
2.53303
2.53303
1.87621
1.1114
1.27635
1.16908
1.16908
0.600117
0.600117
2.10819
2.10819
1.28474
1.10029
1.57164
1.57164
0
0.148464
1.16908
1.16908
0.146895
0.289909
0.569018
0.569018
1.16141
0.435758
0.47689
0
0
0.191325
0.201088
0.201088
0.146895
0
0.0613984
0.00123109
1.65437
1.65437
0
0.252185
0.252185
0.191325
0.0417601
0.0876843
0.0876843
0
0
0.219857
1.65437
1.65437
0.953813
0.252185
0.252185
0
0
0.0876843
0.0876843
0
0.0562028
0.219857
