0
0
0
0
0
0
0
0
0
0
0
0
0
0
0
0
0
0
0
0
0
0
0
0
0.380136
0
0
0
0
0
0
0
0
0.983197
1.50143
1.87443
2.21635
1.69255
0.458538
0
0
0
0
0
0
0.433927
1.13365
0.704393
0.395214
0
0
0
0
0.294338
0.00660857
0
0.574157
1.37189
1.67462
1.51359
1.27404
0.513515
0
0
0
0
0
0
0
0
0.178129
0.0388332
0.476398
0.301872
0
0.188754
0.912279
1.9942
1.87477
1.82735
1.42368
0.933533
0.423337
0
0
0
0
0
0
0
0
0
0
0
0
0
0.555655
0.819802
0.698521
1.38602
2.83206
3.39727
3.06008
1.61188
0.574187
0
0
0
0
0
0
0
0
0
0
0
0
0
0
0
0.129978
0.494218
0.558365
1.25186
2.4746
2.90119
1.95122
0.248261
0
0
0
0
0
0
0
0
0
0
0
0
0
0
0
0
0
0
0
0
0
0
0
0
0
0
0
0
0
0
0
0
0
0
0
0
0
0
0
0
0
0
0
0
0
0
0
0
0
0
0
0
0
0.0375075
0
0
0
0
0
0
0
0
0
0
0
0.167093
0
0
0
0
0
0
0
0
0
0
0
0
0
0
0
0
0
0
0
0
0
0
0.342041
1.03091
1.01797
0.316772
0
0
0
0
0
0
0
0
0
0
0
0
0
0
0
0
0
0
0
0
0.919672
1.61748
2.15389
1.61166
0
0
0
0.157137
0
0
0
0
0
0
0
0
0
0
0
0
0
0
0
0
0.437248
1.49309
3.01617
3.01856
0.666118
0
0
0
0
0
0
0
0
0
0
0
0
0
0
0
0
0
0
0
0
0.366414
1.23582
2.31436
0.862394
0
0
0
0
0
0
0
0
0
0
0
0
0
0
0
0
0
0
0
0
0
0
0.400831
1.80587
0.474723
0
0
0
0
0
0
0
0.269471
0.348712
0.173622
0
0
0
0
0
0
0
0
0
0
0
0
1.12701
0.83228
0.123345
0
0
0
0
0.198821
0
0
0.043317
1.2544
0.401299
0
0
0
0.178858
0
0
0
0
0
0
0
0.397853
0.318092
0.367847
0.00693221
0
0.306891
0.17731
0.0635114
0
0
0
0
0
0.193935
0.662664
0.910369
1.01863
0.478629
0.610063
0.358615
0
0
0
0
0.0237726
0.605561
1.3053
1.28103
1.83774
1.67195
0.600635
0.598825
0.64081
0.240007
0.356068
0
0.248678
1.26518
1.94402
2.33216
1.76166
2.48932
4.06863
3.21784
0
0
0
0
0
0.922475
2.2937
2.0339
1.53978
0.58657
0
0.255592
0.835492
1.48681
2.26129
2.85611
2.76739
2.75726
2.86449
2.67584
2.45835
3.21316
4.52515
3.26572
0
0
0
0
0
0
0
0
0
0
0
0
0.0609762
1.06888
2.53774
3.1877
2.84248
2.25566
1.60102
1.27594
1.17612
1.09524
0.990348
0
0
0
0
0
0
0
0
0
0
0
0
0
0.0454687
0.381144
0.975438
0.945407
0.60145
0.424391
0.150105
0
0
0
0
0
0
0
0
0
0
0
0
0.328616
0.438461
0.344392
0.245716
0
0
0
0
0
0
0
0
0
0
0
0
0
0
0
0
0
0
0
0
0
0
0
0
0
0
0
0
0
0
0
0
0
0
0
0
0
0
0
0
0
0
0
0
0
0
0
0
0
0
0
0
0
0
0
0
0
0
0
0
0
0
0
0
0
0
0
0
0
0
0
0
0
0
0
0
0
0
0
0
0
0
0
0
0
0
0
0
0
0
0
0
0
1.02987
0.513967
0
0
1.01503
1.33017
0.11831
0
0
0
0
0
0.75403
0
0
0
0
0
0
0
0
0
0
0.12686
0.762043
0.506417
0.557887
1.25369
0
0
0
0
0
0
0
0.838694
0
0
0.582744
0
0
0
0
0
0
0
0
0.703429
1.03387
0
0
0.133211
0
0
0
0
0
0
0.138884
0
0
0.607478
0
0.740062
0
0
0
0
0
0
0
1.35123
0
0
0
0
0
0
0
0
0
0.713286
0
0
0.345729
0.10787
0.395742
0
0
0
0
0.541222
1.75865
0
0.949985
0
0
0
0.415531
0.257246
0
0
0
0.998553
0
0
0.285343
0.218737
0
0
0
0
0
0.0872913
0
0.703045
0
0
0
0.796419
0
0.37696
0.20892
0.125123
0
0
0.319764
0.441087
0
0
0
0
0.279633
0
0
0
0
0.249014
0
0
0
1.04352
0.722033
1.25815
0
0.308293
0
0
0.987864
0
1.18874
0
0
0
0
0.636777
0.235942
0
0.31103
0
0
0.382923
0
0
1.12144
0
0
0.429509
0.903214
0
0.289466
0.0238191
0
0
0.947316
0
0
0.692933
0
1.11358
0
0
0
0.172477
0
0.743867
0.0134656
0
0.686429
0
0.739452
1.55428
0
0
0.424104
0.268035
0
0
1.3353
0
0
0.140277
0.640842
0.149685
0
0
0
0.16819
0.509473
0
0
0
0
0
1.53231
0
0
0
1.27863
1.07807
0
0
0.495469
0
0
0.631588
1.00052
0
0
0.155236
0
0
0
0.0762228
0
0
0.626137
0
0.201662
0
0
0
0.855276
0
0
1.41521
0.000976789
0
0
0.95151
0
0
0.60866
0
0
0
0
0.789469
0
0.063676
0
0
0.265529
0
0
3.33192
0
0.269119
0.512839
0
0
0
0
0.0263554
1.15118
0.0887673
0
0
0
0
0
1.02031
0
0.988229
0
1.07198
0
0
1.68036
0
0.92167
0
0
0.423502
0
0
0.482146
1.32625
0
0
0.292793
0
0
0.346969
0
0.555931
0.229241
0
0.651032
0
0
1.03823
1.18722
0
0.597951
0
0
0.0120277
0
1.36081
1.55724
0
0
1.91618
0.0070616
0.0849694
0
0
0
0
0.31446
0
0.0241983
0.262657
0.673328
0.270346
0
0.386517
0.363733
0
0.0880253
0
0
0.865734
0
0
1.21217
0
0.884669
0
0
0
0
0.0438212
0.872723
0.13005
0.00766412
0
0
1.97006
0
1.91334
0
0
0.583972
0.0612712
0
0
0
1.6536
0.887864
0
0
0
0
0
0
0
0.976548
1.11596
0
1.64151
0
0
0.790202
0
0
0.0929549
0.383466
0.0470196
0.0430641
0
1.149
0.702744
0.249295
0.700173
0
0
0
0
0
0.85525
2.13595
0
0
0
1.61646
0
0
0
0
0.276361
0.361508
0.646744
0.356546
2.01056
0.594253
0
0
0
0
0
0
0.905299
0
1.28565
0.890903
0
0
0
0
2.21736
0.0944327
0
0.678451
0.338085
1.10623
1.49589
0.480278
0
0
0
0
0
0
0
0.026156
0
0
0.26785
0.251727
0
0
0
3.93249
1.50023
0.308136
0.495569
0.0827763
0.362157
0.0528528
0
0
0
0
0
0
0.0538919
0.0368275
0
0
0
0
2.46738
0
0
0
3.01647
2.61502
0
0
0
0
0
0
0
0
0
0
0
0
0
0
0
0
0
0.183791
1.49499
0
0
0.994481
3.6971
0
0
0
0
0.0266261
0
0
0
0
0
0
0
0
0
0
0
0
0.162366
1.36053
0
0
0
3.09219
0.818089
0
0
0
0
0
0
0
0
0
0
0
0
0
0
0
0
0.0710022
0.710183
0.640419
0
0
0.905802
3.98133
0.221659
0
0
0
0
0
0
0
0
0
0
0
0
0
0
0
0
0
0
2.86918
0.362069
0.0653347
0.229263
0.161725
0.391596
0
0
0.84514
0.69501
0
0
0.188128
0
0
0
0
0
0.147968
0
0.545714
0.432278
0
0
2.68937
0.548649
0
0.0848383
0.367994
0.124238
0
0
0
0
0
0
0.160159
0
0
0.459847
0.589155
0
0
0.288079
0.656754
0
0.828702
0
2.4409
0.866077
0.0845421
0
0.109107
0.242432
0
0
0
0.0511847
0
0
0.155988
0.238818
0
0
1.03437
0
0
0.064349
0
0.745962
0
0
2.98135
0.626817
0.112274
0
0
1.08392
0
0
0.0820051
0
0
0
0
0.205067
0.401296
0
0.431194
0.858261
0
0
0
0.39792
0.424342
0
3.45599
0.641193
0
0
0
0
0.483997
0
0
0
0.139544
0
0.13859
0
0
0
0.545732
0
0.249607
0
0
0.0860884
0.21867
0
3.24507
0.629749
0.47034
0
0
0
0.309107
0
0.309842
0
0
1.27001
0
0.955733
0
0
1.60278
0
0.661512
0
0
0.984521
0
0
3.36278
0.65607
0.163666
0
0
0.697639
0.327469
0
0
1.17374
0
0
0.611077
0.208006
0
0.113309
1.76484
0
0.226931
0
0
0
0.917711
0
2.47232
1.15564
0.434533
0
0
0
0.431038
0
0.292321
1.24178
0
0
0
1.27564
0
0.709606
0.337501
0
0
0
0
0.040882
0.256114
0
0.499538
1.34339
1.49192
0
0
0
0
0.217208
0
0.818422
0
0
0
0.348842
0
0
0.747647
0
0
0
0.00968249
0
0
0
1.00139
0.171657
1.80729
0.740979
0
0
0
0.558115
0
0
0
0.532923
0.484272
0
0
0.461795
0.685126
0
0.220454
0.0510498
0
0.266323
0
0
1.75651
0
1.92715
0.855317
0
0
0
0
1.26304
0
0
0
0
0.493787
0
0
0
0.653357
0
0
0
0.0717677
0.604306
0
2.48758
0
1.13037
1.05177
1.63146
0
0.465443
0
0
1.30472
0
0.0362828
0
0.51746
0
1.07341
0
0
0.240553
0
0
0
0.321507
0
2.06976
0
0
2.69386
0.963959
0
0
0
0
0
0
0.420966
0
0
2.45488
0
0
0.917579
1.0925
0
0.0833339
0
0
0.365266
1.4041
0
0
0.70257
1.44786
0.189012
0
0
1.66929
0
0
0.708061
0
0
1.25151
0
0.174422
0
0
0.812167
0
1.01329
0.388271
0.162384
1.08575
0
0
0.344823
0
0
1.87621
0
1.1114
0
0
1.27635
0
0
1.03023
0.367449
0.244934
0
0
0
0
1.40165
1.35819
0.276516
0.988608
0
0
0
2.53303
0
0
0.824872
0
0
0.481741
0
0
0.0827052
0
0.297952
0
0.271426
0.600117
0
0.577946
0.115315
2.10819
0.269498
1.28474
0
0
0
1.10029
1.42183
0
0
0
0
0
0
0
0
1.16908
0
0
0
0
0.289909
0
0
0.569018
0
0.96048
0
0
0.763209
0
0
1.57164
0
0
0
0
0.148464
0.0918496
0
0.27123
0.407014
0
0
0
0
0
0.0391422
0
0
0.599977
0
0
0
0
0.47689
0
0
0
0
0
0
0
0.0244835
0.201088
0
0
0.146895
0
0
0
0.0613984
0.00123109
0
1.16141
0
0
0
0.185608
0
0
0
0
0
0
0
0
0
0
0
0
0
0
0
0
0
0
0
0
0
0
0.435758
0
0
0
0
0
0
0
0.191325
0.0417601
0
0
0
0
0
0
0
0
0
0
0
0
0
0.525934
0.886812
0
0
0
0.0292563
0
0
0
0.150104
0
0
0
0
0
0
0
0
0
0
0
0
0
0
1.65437
1.01954
0
0
0
0
0.252185
0
0
0
0
0
0
0
0.0876843
0
0
0
0
0
0
0.219857
0
0.134198
0
0
0.953813
0
0
0
0
0
0
0
0
0
0
0
0
0
0
0
0
0
0.0562028
0
