0
3.34773
0
0.489174
0
3.23325
0
0.872242
0.994488
0
1.70435
1.36989
2.43421
0.439125
0.487064
0
0
1.62919
1.25284
0
0
0
0.777054
0.427128
0
3.23325
0
0.872242
0
0
0.905907
0
0.598507
0
0
0
1.03341
0
0
0
0
0
0
1.83891
0
2.26051
0
0.843864
0.112911
0
2.25251
0
2.09153
0
0
0
1.93294
0
0.0468979
0
0
0
4.77949
0
0
0.235481
0
0
2.20716
0
1.70435
0.76852
3.87038
0
0
0
0
1.59712
0
0
0
0
0.777054
0
0
1.1916
0
0
1.57473
0
0
0
1.28847
0
0
0
0
0
0
0
0
0
0
0
0
2.98186
0
0.621799
0
1.22334
0
0
0
0
0
0
0
2.23929
0
0
0
0
4.77949
0
0
0
0
3.17015
0
0
0
0
1.58342
0
0
0
0
0
0
0
0
0
0
0
0
0
0
3.76195
0
0
0
0
0
0
1.38239
0
0
0
0
0
0
0
0
0
0
0
0
2.04167
0
4.01695
0
0
0
2.65228
0
0
1.55412
2.23929
0
0
