0
3.3483
0
0.488958
0
3.23215
0
0.869952
0.991574
0
1.70431
1.36699
2.43373
0.436407
0.487432
0
0
1.63039
1.25243
0
0
0
0.77405
0.426617
0
3.23215
0
0.869952
0
0
0.903406
0
0.600049
0
0
0
1.03217
0
0
0
0
0
0
1.83867
0
2.25881
0
0.842446
0.111124
0
2.25121
0
2.09207
0
0
0
1.93268
0
0.0483793
0
0
0
4.77664
0
0
0.235899
0
0
2.20809
0
1.70431
0.768481
3.87016
0
0
0
0
1.59697
0
0
0
0
0.77405
0
0
1.18969
0
0
1.57447
0
0
0
1.28744
0
0
0
0
0
0
0
0
0
0
0
0
2.98268
0
0.621341
0
1.22181
0
0
0
0
0
0
0
2.23971
0
0
0
0
4.77664
0
0
0
0
3.17166
0
0
0
0
1.58364
0
0
0
0
0
0
0
0
0
0
0
0
0
0
3.76038
0
0
0
0
0
0
1.38332
0
0
0
0
0
0
0
0
0
0
0
0
2.04163
0
4.01369
0
0
0
2.65212
0
0
1.55377
2.23971
0
0
