[[[ 3.04412186e-01 -2.46804178e-01 -3.43873985e-02]
  [ 2.81583250e-01 -2.53220856e-01 -1.81726031e-02]
  [ 5.45687973e-02 -2.72710919e-01 -1.67351007e-01]]

 [[-5.97798377e-02 -2.90862530e-01 -2.11443469e-01]
  [-2.15507112e-02 -7.00531751e-02 -2.60534585e-01]
  [ 1.58344418e-01  2.49809884e-02 -1.17496669e-01]]

 [[-4.70321566e-01 -7.09213465e-02 -7.46586248e-02]
  [-3.47196966e-01 -1.40132919e-01 -1.04449213e-01]
  [-4.71803453e-03 -2.48380210e-02 -1.46456882e-01]]

 [[-2.78892964e-02 -3.72086987e-02  1.56455729e-02]
  [-2.78399795e-01 -7.06114918e-02 -1.81192338e-01]
  [-2.10104719e-01 -1.70526654e-01 -1.41076343e-02]]

 [[ 1.95320696e-01  1.58770550e-02 -1.54640183e-01]
  [ 1.28232449e-01 -1.68623954e-01  3.51695925e-01]
  [ 2.47837797e-01 -1.88737195e-02  4.91766632e-03]]

 [[ 1.25557899e-01 -3.93760484e-03 -2.11800516e-01]
  [ 2.72639338e-02 -2.36410610e-02  3.86447161e-02]
  [-7.48452619e-02 -4.28063236e-02  2.78327227e-01]]

 [[ 4.89329398e-02 -1.04839884e-01 -5.96875958e-02]
  [-2.39265233e-01 -2.89107487e-02  4.32626307e-01]
  [ 2.36114785e-01 -4.82664444e-02  9.29741710e-02]]

 [[-2.27005333e-01  2.99357157e-02 -1.41181633e-01]
  [ 2.59034969e-02  1.39730349e-01  4.74031977e-02]
  [ 4.12134640e-03 -1.46821558e-01 -9.08148661e-02]]

 [[ 7.91032240e-02 -3.04676816e-02  7.90168270e-02]
  [-4.14638460e-01 -8.08653906e-02  1.23180300e-01]
  [-5.20369053e-01 -2.24398635e-02  1.00236714e-01]]

 [[-1.12744302e-01 -8.55895728e-02 -1.83496043e-01]
  [-1.10288501e-01 -1.10165857e-01  8.74689147e-02]
  [-5.38157374e-02  1.41371414e-01  3.07271242e-01]]

 [[-1.64460093e-02 -9.94319543e-02  1.05849721e-01]
  [-3.49772535e-03  7.68746883e-02 -3.74087915e-02]
  [-2.12701008e-01  9.95354205e-02  3.93338762e-02]]

 [[ 2.04402171e-02 -6.68428242e-02 -6.48573413e-02]
  [ 9.24758706e-03 -1.30217165e-01  1.17302313e-02]
  [ 1.64947677e-02  5.41103706e-02 -7.17499256e-02]]

 [[-1.22373112e-01  1.43556863e-01  7.95077905e-02]
  [-1.50378704e-01 -1.96350023e-01 -5.17114326e-02]
  [ 2.72882283e-02 -2.33219519e-01  4.25003618e-02]]

 [[ 1.36063294e-03  3.98457497e-02 -1.36412233e-01]
  [ 6.19134307e-02  4.67672013e-02  3.83012667e-02]
  [-2.14324325e-01 -1.35178253e-01 -5.28268516e-02]]

 [[ 2.65562925e-02  1.29363239e-01 -4.14694220e-01]
  [-2.47831643e-02  1.79247446e-02 -1.65261105e-01]
  [-1.26223147e-01 -7.95727447e-02  1.67399406e-01]]

 [[-2.66145140e-01  5.58823310e-02  4.51480560e-02]
  [-1.73010781e-01 -1.44786850e-01  2.43171602e-01]
  [ 1.26298204e-01 -2.12339461e-01 -1.38543379e-02]]

 [[ 1.85553551e-01 -1.00441873e-02  3.42157669e-04]
  [-1.64737597e-01 -2.18814328e-01  5.48990145e-02]
  [-1.46571621e-01 -1.88939795e-01  1.90678351e-02]]

 [[-1.34933293e-02 -8.38659797e-03 -1.67522132e-01]
  [-6.56132624e-02 -1.58274382e-01  4.41487208e-02]
  [-8.97280872e-02 -3.87150384e-02 -1.71883055e-03]]

 [[-3.27879220e-01 -2.14975089e-01  9.09179598e-02]
  [-1.27163097e-01 -1.33537903e-01 -1.30519226e-01]
  [ 3.30057442e-02 -1.32889807e-01  1.62814502e-02]]

 [[ 6.37950227e-02 -1.36252612e-01  2.82785356e-01]
  [-7.34363571e-02 -2.56499708e-01 -7.61944382e-03]
  [-2.15718120e-01 -1.68186277e-01 -1.13858692e-01]]

 [[ 1.80482641e-02  1.89683884e-02  8.59345272e-02]
  [ 1.82568535e-01 -8.00096914e-02 -8.51444155e-02]
  [-3.62536550e-01 -2.80495316e-01 -3.38347137e-01]]

 [[ 1.73529163e-01  1.40177384e-01  2.77326889e-02]
  [-3.07899248e-02 -1.22830294e-01  1.29078194e-01]
  [ 1.50318056e-01  6.17924929e-02  4.77028117e-02]]

 [[ 1.54315889e-01 -1.28030935e-02  3.05283652e-03]
  [ 9.77461487e-02  4.04184312e-02  6.72652200e-02]
  [ 8.41298625e-02  1.86994225e-01  9.31164026e-02]]

 [[-1.35611713e-01  8.12733620e-02  1.30640529e-02]
  [-3.83495949e-02 -5.98707572e-02 -3.30810063e-02]
  [-1.50005341e-01  1.04889750e-01 -2.13505253e-01]]

 [[-3.33477199e-01 -4.87313904e-02 -1.12052828e-01]
  [-8.19746554e-02 -1.01988181e-01  6.98437332e-04]
  [-2.41512973e-02  2.27787778e-01  2.12022215e-02]]

 [[-6.14345670e-02  9.88814682e-02 -1.93340689e-01]
  [-1.81352288e-01 -4.13390428e-01 -1.31574422e-01]
  [-1.17320552e-01 -1.38018087e-01  1.12898266e-02]]

 [[-2.33039126e-01  2.19928622e-02 -2.23336369e-01]
  [-1.07318297e-01  2.53813993e-03  5.15797548e-03]
  [-1.96489707e-01 -1.48779586e-01 -1.40260890e-01]]

 [[-1.05301559e-01 -7.80520067e-02  2.15451159e-02]
  [-5.31990379e-02 -3.27355079e-02  3.02865542e-02]
  [ 2.30967507e-01  1.53565720e-01 -1.67091936e-01]]

 [[ 5.49539886e-02 -1.06903620e-01 -3.24259978e-03]
  [-1.98410735e-01 -8.90192296e-03 -2.95021772e-01]
  [-3.24728727e-01 -2.61134386e-01  1.87381297e-01]]

 [[ 1.78064212e-01  1.07371077e-01  2.06572264e-01]
  [ 3.37495506e-01  7.38959983e-02  1.03081413e-01]
  [-3.08073223e-01 -8.35140273e-02 -2.75064260e-01]]

 [[ 2.02874802e-02  9.55981687e-02  6.80909902e-02]
  [-2.22668096e-01 -2.15882391e-01 -2.25831568e-01]
  [-1.37570053e-01 -3.01133394e-01 -1.87548399e-01]]

 [[-1.58687025e-01 -1.96262300e-01 -7.97752291e-02]
  [ 8.84364080e-03  3.79366241e-02 -2.04924464e-01]
  [-2.50400931e-01  6.23171367e-02 -1.15352841e-02]]][[[-1.07822858e-01 -1.73252538e-01  1.79715872e-01]
  [ 2.00860444e-02  2.82046907e-02 -2.63636082e-01]
  [ 2.17697099e-01  1.42245904e-01 -8.72347206e-02]]

 [[-2.43079513e-02 -1.85296550e-01  2.27347419e-01]
  [ 8.86468887e-02  1.11685224e-01  2.56949905e-02]
  [-3.52516502e-01 -1.13925986e-01 -4.69069704e-02]]

 [[-2.00205728e-01  3.48914564e-02  3.32322121e-02]
  [ 1.52178362e-01  2.13598207e-01  2.90516347e-01]
  [ 3.18619795e-02 -6.97160661e-02  1.04311425e-02]]

 [[ 1.80514738e-01  1.38314059e-02 -1.48506984e-01]
  [-2.05248594e-01 -1.66369602e-01 -2.37714171e-01]
  [ 9.26904902e-02  6.08659759e-02 -1.57456934e-01]]

 [[ 4.37004603e-02  1.30680799e-01 -3.53946909e-02]
  [-1.32992892e-02  1.13450743e-01 -2.23898992e-01]
  [ 7.54569843e-02  1.52103767e-01  1.28528744e-01]]

 [[ 3.61032009e-01 -4.22705114e-02 -5.15846498e-02]
  [ 1.30131636e-02  1.32521838e-01 -1.47280246e-01]
  [-1.41209707e-01 -1.67106628e-01 -2.54048735e-01]]

 [[ 9.79731791e-04  2.32337907e-01 -2.21610023e-03]
  [ 1.08107068e-01  3.61985229e-02  1.06674723e-01]
  [ 1.14983596e-01 -1.83716103e-01  7.14606345e-02]]

 [[-2.14800611e-01 -2.61673510e-01 -2.11843938e-01]
  [ 2.07141623e-01  1.27563164e-01 -7.87753463e-02]
  [ 3.31760943e-01  2.14404732e-01 -1.34917542e-01]]

 [[-3.23755473e-01 -1.20443530e-01  6.65278286e-02]
  [ 3.43384109e-02 -9.84165296e-02 -2.85049211e-02]
  [ 5.36183678e-02  4.60657664e-02 -1.48793995e-01]]

 [[ 1.58397481e-01 -1.40216589e-01 -1.02061152e-01]
  [ 1.42689243e-01  8.09906051e-02 -9.87056866e-02]
  [ 5.75065278e-02  3.57111841e-01  4.28062752e-02]]

 [[ 2.06340607e-02 -1.60007954e-01 -3.71876389e-01]
  [ 1.34323463e-01  5.75564941e-03 -6.34140819e-02]
  [ 6.49910271e-02  2.88586527e-01 -8.20552483e-02]]

 [[-6.98408559e-02  8.65717381e-02 -2.16815770e-01]
  [ 2.38236681e-01  1.03123747e-01 -5.30808419e-02]
  [ 4.13144380e-02 -4.74089347e-02 -4.45617959e-02]]

 [[ 1.23279341e-01  3.04182456e-03  8.44343454e-02]
  [-1.38955796e-02  3.07945907e-01 -7.00142905e-02]
  [ 5.71647240e-03  7.18604475e-02 -4.22317572e-02]]

 [[-1.24216788e-01 -3.26834209e-02 -1.00433789e-01]
  [ 5.04843444e-02 -7.92736560e-02  9.34977010e-02]
  [ 4.87358980e-02 -1.92261245e-02 -5.13503589e-02]]

 [[ 2.16744095e-01 -9.96003076e-02  1.05483815e-01]
  [-2.14350030e-01 -2.12329686e-01 -6.26682788e-02]
  [-2.59131461e-01 -1.74871281e-01 -1.81414187e-01]]

 [[ 6.68497533e-02  5.64152859e-02  2.46246800e-01]
  [ 1.12060299e-02 -1.15265278e-02  1.56473685e-02]
  [ 4.63569388e-02  2.30158165e-01  1.36364445e-01]]

 [[-2.21673533e-01 -7.97974616e-02  7.01671690e-02]
  [-1.96335092e-01  6.07389063e-02  8.85229111e-02]
  [-1.95316866e-01  3.26908231e-02 -7.83288032e-02]]

 [[-4.59294319e-01 -1.68692842e-01 -2.44714275e-01]
  [-1.92937553e-02 -6.02715276e-02 -2.96656102e-01]
  [-7.83250257e-02  1.98585261e-02 -2.08558723e-01]]

 [[-2.10706800e-01 -1.44312993e-01 -1.21164724e-01]
  [ 2.47972906e-01  4.22376096e-02 -3.75273079e-02]
  [ 2.05574915e-01 -1.21216580e-01 -8.82021785e-02]]

 [[-1.35956049e-01 -2.28501752e-01 -6.07092418e-02]
  [-1.65255547e-01  1.14678498e-03  5.90208396e-02]
  [ 3.14824507e-02  1.57851532e-01 -1.52146518e-01]]

 [[-1.84091404e-01  2.21421033e-01  7.08513483e-02]
  [-5.39622784e-01 -1.50068253e-01  1.44997239e-01]
  [-6.69819489e-02 -1.41331092e-01 -1.78095222e-01]]

 [[ 8.31549093e-02  1.02816530e-01 -1.49031341e-01]
  [-5.88782430e-01 -3.21628392e-01  5.05100965e-01]
  [ 1.16524510e-01 -2.53353064e-04  1.92829639e-01]]

 [[ 5.80404215e-02  1.12309828e-01 -2.28480250e-02]
  [ 3.03681232e-02  1.93409070e-01  6.51931763e-02]
  [-2.80839443e-01 -4.31030057e-02  2.95489244e-02]]

 [[ 8.70165899e-02 -3.30876112e-02  1.51022494e-01]
  [ 5.32781407e-02 -4.33452189e-01  6.23133816e-02]
  [-1.13233142e-01 -2.52021849e-01 -1.00715026e-01]]

 [[-1.32388309e-01 -4.22963267e-03  1.46745652e-01]
  [-2.86715806e-01 -6.84624389e-02  8.86183977e-02]
  [ 1.81330711e-01  1.49589032e-01 -8.81523490e-02]]

 [[-7.03880370e-01 -3.43246847e-01 -2.64864951e-01]
  [-4.31467444e-01 -1.72120512e-01  2.12500751e-01]
  [-4.66735452e-01 -2.33713046e-01 -4.78172861e-02]]

 [[-1.28907666e-01 -1.78071499e-01 -3.81249301e-02]
  [-6.62583858e-03 -1.44849434e-01  1.86400905e-01]
  [ 1.66142449e-01 -1.09875202e-01  1.36061609e-01]]

 [[-2.52974063e-01 -3.68892789e-01 -1.87035248e-01]
  [-7.94904754e-02 -1.49557188e-01 -1.66254550e-01]
  [-1.62126601e-01 -8.71845037e-02 -8.02322254e-02]]

 [[-1.06143214e-01  6.04693256e-02  7.85393044e-02]
  [ 1.20492041e-01  2.58833110e-01 -4.34054472e-02]
  [ 1.52778283e-01 -3.21324891e-03 -1.02841176e-01]]

 [[-1.12468809e-01  6.53305501e-02 -1.77643877e-02]
  [ 1.80457041e-01  1.54868394e-01 -1.48129314e-01]
  [ 1.19418368e-01 -6.18793890e-02 -1.56643808e-01]]

 [[ 4.83923882e-01 -2.23193243e-01 -1.04030751e-01]
  [-5.03922589e-02 -5.21288179e-02  4.51464504e-02]
  [ 1.28622308e-01 -1.18289739e-01  1.55346170e-01]]

 [[-8.84335488e-02  5.99811785e-02  6.20662123e-02]
  [ 9.95105729e-02 -2.42033198e-01  2.26515353e-01]
  [ 9.88220572e-02  3.52277532e-02  8.65117088e-02]]][[[ 0.36020181  0.30532604  0.41538274]
  [-0.13054416  0.0167412   0.19742276]
  [-0.25460595 -0.07230604  0.11572657]]

 [[ 0.06326453  0.01276249 -0.04309316]
  [-0.00498035 -0.2922971   0.06775442]
  [-0.00953452 -0.25751007  0.09376298]]

 [[-0.15318832 -0.14168072 -0.18179835]
  [-0.24673569 -0.04585194 -0.01649287]
  [-0.11489791 -0.41143715 -0.27209094]]

 [[-0.36406064 -0.21396107 -0.14955084]
  [ 0.1572808  -0.06690909  0.25690606]
  [ 0.20035601  0.12599954 -0.06561571]]

 [[ 0.08035617  0.15035467  0.03425124]
  [ 0.1056992   0.07419075 -0.05457707]
  [ 0.18700565 -0.00386484 -0.14198442]]

 [[-0.21429168 -0.1531627  -0.00449731]
  [-0.08035782 -0.17504071 -0.05155815]
  [ 0.02352138 -0.17521098 -0.15808845]]

 [[-0.16887787 -0.26599899 -0.2406708 ]
  [-0.25847518 -0.1029416  -0.07804548]
  [ 0.16400202  0.11479554  0.34102341]]

 [[-0.07765529 -0.16359639 -0.1189645 ]
  [-0.14944367 -0.28559333  0.08495753]
  [-0.07437532 -0.05048897 -0.02004903]]

 [[-0.03916565  0.00986386 -0.1508946 ]
  [ 0.54582304 -0.02286978 -0.18801895]
  [-0.27434698  0.08032227 -0.06894013]]

 [[-0.09714891 -0.11147276 -0.1981501 ]
  [ 0.06771635 -0.22718793 -0.20754434]
  [-0.03607909  0.1595629   0.09272473]]

 [[ 0.01835051  0.18186104  0.05081579]
  [ 0.15393315 -0.04302752 -0.00143688]
  [ 0.06673238  0.15262382 -0.34228748]]

 [[-0.01440191 -0.06690928 -0.11211101]
  [ 0.00240279 -0.14891258 -0.02581223]
  [-0.08412193 -0.01160234  0.08187652]]

 [[-0.00102916 -0.03866975  0.06736841]
  [-0.20261902 -0.18778399  0.16778891]
  [ 0.05893915  0.06308267 -0.22478686]]

 [[ 0.09081578  0.10810219  0.01154842]
  [-0.1059601   0.05015171 -0.08348423]
  [-0.17663406  0.00433952  0.0078705 ]]

 [[ 0.01545729 -0.06381898  0.08391164]
  [-0.08472957 -0.1336002  -0.19339424]
  [ 0.11388072 -0.23829894  0.16256921]]

 [[ 0.17582542  0.12277582  0.27150074]
  [ 0.19485007  0.168844   -0.09687702]
  [ 0.03384337  0.03793913 -0.05642594]]

 [[-0.10804682 -0.16258641 -0.1854887 ]
  [-0.12908712 -0.05116498  0.00286927]
  [-0.11489129 -0.04482467  0.02934757]]

 [[-0.00222947 -0.05028429  0.04453074]
  [-0.0600278   0.06493614  0.10471968]
  [-0.20773688 -0.21409927 -0.0618371 ]]

 [[-0.15323955 -0.00079772 -0.26149806]
  [-0.02133853 -0.16491018 -0.06928724]
  [ 0.02314281  0.12711905  0.17116891]]

 [[ 0.05627154  0.0336062   0.09564406]
  [ 0.10674746  0.16278458  0.60137504]
  [-0.16081788  0.13594434 -0.21237586]]

 [[-0.01558753  0.20129468 -0.17523561]
  [-0.33263844  0.08204827  0.10552914]
  [-0.28206632  0.00131799  0.10289546]]

 [[-0.02087776 -0.05216539 -0.10444196]
  [-0.05855668 -0.05577466 -0.00238698]
  [ 0.16683532 -0.05821552  0.1026109 ]]

 [[-0.05093722 -0.0060637  -0.02735906]
  [ 0.10606096 -0.02324887 -0.07163932]
  [-0.1847384  -0.13238426  0.05110496]]

 [[-0.09156908  0.04800415 -0.16205972]
  [ 0.18380946  0.06743092  0.05767624]
  [-0.0669225  -0.03627618  0.03199359]]

 [[-0.05193872  0.02971872 -0.09443374]
  [ 0.14545233  0.30098218 -0.2289259 ]
  [ 0.11124572 -0.18220194  0.06573758]]

 [[-0.09717646 -0.00332619 -0.11909426]
  [-0.07021692 -0.0567482  -0.1079897 ]
  [-0.13842669 -0.21905416  0.01209399]]

 [[-0.23528911 -0.14570895 -0.23435015]
  [-0.2267999  -0.19333777  0.22592333]
  [-0.05529884 -0.07782774 -0.04323933]]

 [[ 0.12649393 -0.14277814  0.0768467 ]
  [ 0.08675238 -0.34570447  0.08935707]
  [ 0.18741454 -0.48813957  0.16832222]]

 [[-0.09832857 -0.22535664 -0.16410752]
  [-0.32694358 -0.29273078 -0.05467172]
  [ 0.20570342  0.29642537  0.0893834 ]]

 [[ 0.21986437 -0.01127351 -0.10419402]
  [-0.20592073  0.0929267  -0.05075704]
  [-0.21527283 -0.09645828 -0.24279381]]

 [[-0.39747855 -0.51473951 -0.24779683]
  [-0.18101679 -0.40277726 -0.15896572]
  [ 0.05770011  0.28415367 -0.00746147]]

 [[-0.10523226 -0.16645469 -0.22100136]
  [ 0.02628278 -0.39328    -0.2347714 ]
  [-0.06877411  0.07387142 -0.0842852 ]]][[[ 0.05128943  0.00344905 -0.01981352]
  [-0.11944529 -0.06381068  0.07805277]
  [-0.02168249  0.00659709  0.07092856]]

 [[-0.36759278 -0.23456323  0.10654416]
  [-0.07921512 -0.16616638  0.16134377]
  [ 0.07966714 -0.02980023 -0.05374951]]

 [[-0.10504365  0.02137316 -0.10416996]
  [ 0.02856074  0.07149477  0.12609926]
  [ 0.21424265 -0.15552247 -0.16688017]]

 [[-0.08678638 -0.21471794 -0.1165448 ]
  [ 0.10059912  0.23997371  0.05194615]
  [ 0.01291272 -0.04521604  0.03855238]]

 [[ 0.03495036  0.04630258 -0.05515733]
  [ 0.13623357  0.12851214  0.13120975]
  [ 0.07549968 -0.07390001 -0.12946765]]

 [[-0.14521678  0.07581569 -0.01613274]
  [-0.1143701  -0.07290175  0.04010054]
  [-0.05245958 -0.07805008 -0.252415  ]]

 [[ 0.09690157  0.02328954 -0.42397276]
  [ 0.0656807   0.00479962  0.0436822 ]
  [ 0.18059859 -0.02338834  0.14498062]]

 [[-0.1718024   0.05895328 -0.24691337]
  [ 0.07652345 -0.1658753  -0.17950347]
  [ 0.13583951 -0.048996   -0.25203428]]

 [[-0.16508737 -0.18287787 -0.06278673]
  [ 0.03429424  0.26403511 -0.1519334 ]
  [-0.13241358  0.0497433  -0.29852638]]

 [[-0.16704449 -0.22476862  0.19465226]
  [ 0.27971616  0.16046245 -0.03577984]
  [-0.01486804  0.26052257  0.12623665]]

 [[ 0.1233502  -0.40557486 -0.11386903]
  [ 0.11439067  0.22070748 -0.11127013]
  [-0.08385162 -0.03581691  0.05611896]]

 [[-0.06778565 -0.18023315  0.09560091]
  [ 0.07558519  0.06641553  0.19607277]
  [-0.08176752 -0.02636925 -0.02156322]]

 [[-0.46300465 -0.1965671  -0.30783448]
  [ 0.07247336 -0.04455225  0.28848237]
  [-0.00773407 -0.14940417  0.03502116]]

 [[-0.06203159  0.51631361 -0.22227654]
  [ 0.02672319  0.13785255  0.0374791 ]
  [ 0.18963554  0.0148071   0.15048893]]

 [[-0.25510317  0.09643687  0.02457152]
  [-0.0489217   0.0224762   0.05999485]
  [ 0.00637574 -0.15189278 -0.0175517 ]]

 [[-0.16986264 -0.08553378 -0.25926095]
  [ 0.07301199 -0.09272115  0.061135  ]
  [ 0.00589538 -0.07217649 -0.07330824]]

 [[ 0.00266341  0.06838101 -0.05368586]
  [-0.04907484  0.02179472 -0.04006449]
  [-0.04631441 -0.02244253 -0.01125686]]

 [[-0.06572849 -0.18592495 -0.24784572]
  [ 0.09135357 -0.03260792  0.1779252 ]
  [-0.00361096 -0.05581052 -0.05690505]]

 [[-0.14164069  0.04784527  0.11900549]
  [ 0.15392143  0.19958723  0.03181298]
  [-0.14261277 -0.00897227 -0.06641243]]

 [[-0.12442797 -0.2050361  -0.14093415]
  [-0.06123826 -0.18823837  0.06275249]
  [ 0.02818038 -0.28879166 -0.14006922]]

 [[ 0.23799787 -0.41269115 -0.31474564]
  [ 0.04198035  0.09927165  0.0495588 ]
  [-0.1866485   0.04754044 -0.05707759]]

 [[-0.02909766 -0.15870431 -0.20138663]
  [-0.24734245 -0.07203721 -0.25316319]
  [-0.00714284 -0.07606979  0.0050916 ]]

 [[-0.36001426 -0.15717794  0.03989065]
  [-0.05333371 -0.15021104  0.03545872]
  [ 0.08905239 -0.15202431 -0.14857146]]

 [[-0.25029033 -0.12899604  0.08931728]
  [-0.22877671  0.06665263  0.06081149]
  [-0.02928473 -0.14735609  0.09170327]]

 [[ 0.04065573 -0.01521528 -0.27628717]
  [-0.10694566 -0.05788772 -0.18770952]
  [ 0.01472716  0.14516115  0.020501  ]]

 [[-0.05473602 -0.166235    0.07570606]
  [ 0.12832998  0.02861457  0.11419042]
  [ 0.0712423   0.05600883  0.10158493]]

 [[-0.31731072 -0.1317019  -0.34879389]
  [-0.02789395  0.02487463  0.21412006]
  [ 0.03355816 -0.15076518 -0.13910599]]

 [[ 0.07454619 -0.05759009  0.05439299]
  [-0.08777127  0.12244051  0.07329591]
  [-0.52218849  0.07478629  0.05338134]]

 [[-0.1925282   0.12608981  0.15898868]
  [-0.1544304  -0.03280438 -0.01827474]
  [ 0.06994237 -0.15446793  0.09027849]]

 [[-0.04937408  0.12433921  0.05989268]
  [ 0.0971297   0.05467167  0.00980967]
  [-0.10093514  0.01498545 -0.15297249]]

 [[ 0.06263628 -0.0013421  -0.17923299]
  [-0.03968887 -0.04719767 -0.04789339]
  [-0.03605825 -0.01366925 -0.14142507]]

 [[ 0.18967219  0.12161583 -0.13823429]
  [-0.03029102  0.04525475 -0.43654141]
  [-0.27144399 -0.01730961 -0.02983966]]][[[-3.73987019e-01  4.07688096e-02  9.54138935e-02]
  [-2.28489667e-01 -3.54506850e-01  2.10949078e-01]
  [ 3.69007468e-01 -1.03720084e-01  3.31299096e-01]]

 [[ 1.58264823e-02 -1.77559346e-01  6.12077564e-02]
  [-7.79138459e-03 -4.57977682e-01 -2.22383797e-01]
  [ 9.35029238e-02  3.70920524e-02  2.41684988e-02]]

 [[ 1.54913053e-01  9.52007696e-02 -1.66379973e-01]
  [-1.60712481e-01 -1.93710923e-01  2.11929008e-01]
  [ 1.96622536e-01 -3.59073915e-02 -3.34120780e-01]]

 [[ 1.27923325e-01 -1.89768314e-01 -1.05248772e-01]
  [ 7.37123638e-02 -7.86576197e-02 -1.10442132e-01]
  [-2.38727797e-02  1.02092259e-01 -1.72252759e-01]]

 [[ 3.37880775e-02  1.70458078e-01 -4.47656997e-02]
  [ 1.41699510e-02 -3.63273025e-02  3.05967748e-01]
  [ 3.09548914e-01 -3.36642303e-02  7.68969655e-02]]

 [[-3.00180644e-01 -4.30971354e-01 -2.84492999e-01]
  [ 3.92715037e-02  7.50357169e-04 -1.53532505e-01]
  [-8.12444612e-02 -3.01711950e-02 -2.02316325e-02]]

 [[-2.48073861e-01  8.72828141e-02 -7.21576884e-02]
  [-1.12037338e-01 -1.29398987e-01 -9.13423523e-02]
  [-5.19171869e-03  1.04726918e-01  9.60951969e-02]]

 [[-2.06388399e-01 -1.63034141e-01 -1.05936810e-01]
  [-1.35679737e-01 -2.60065436e-01 -2.80496866e-01]
  [ 8.36713985e-03 -1.08608708e-01 -1.28114089e-01]]

 [[ 8.60618800e-02  9.25659109e-03  9.44613591e-02]
  [ 1.50668016e-02 -5.24054840e-03 -2.53694262e-02]
  [-3.93303335e-01 -1.14686549e-01  6.56964406e-02]]

 [[ 3.61135274e-01  5.51181585e-02  6.95419535e-02]
  [ 1.13374004e-02 -1.31237894e-01 -4.78471905e-01]
  [-3.31805572e-02 -2.29668304e-01 -1.13651767e-01]]

 [[ 1.40467331e-01 -1.64159626e-01 -7.60869086e-02]
  [ 9.47627947e-02  1.26560926e-01  2.10970524e-03]
  [ 2.68830601e-02  1.21037506e-01  9.52664316e-02]]

 [[ 1.38570033e-02  1.50199840e-02  9.38427355e-03]
  [-3.28652292e-01 -2.24470332e-01 -1.54592678e-01]
  [ 2.36320794e-01  2.92435046e-02  1.85674056e-01]]

 [[ 8.74780342e-02 -1.24177523e-01  1.00232713e-01]
  [ 1.20056726e-01 -7.38073513e-02  1.19222470e-01]
  [ 1.83504358e-01  1.66002601e-01 -7.08985627e-02]]

 [[-1.54506326e-01 -6.98975623e-02 -7.13645071e-02]
  [-1.26048669e-01 -8.69576111e-02 -1.99740380e-01]
  [ 6.59916848e-02  3.44540784e-03  4.22769301e-02]]

 [[ 2.07224324e-01 -4.04145345e-02 -3.13121155e-02]
  [ 8.73891339e-02  5.73278666e-02  6.53988123e-02]
  [-9.85687822e-02  1.04238510e-01 -3.90265435e-02]]

 [[ 5.04750200e-02  1.19945228e-01 -2.68423915e-01]
  [ 4.70116772e-02 -3.33650187e-02 -4.45782579e-02]
  [ 7.24217892e-02 -1.51979670e-01  1.27776638e-01]]

 [[-2.08091274e-01  7.02459291e-02 -1.01770684e-01]
  [-2.38545649e-02  3.78143005e-02  7.25388974e-02]
  [ 1.33313248e-02 -5.28480858e-03 -9.58622806e-03]]

 [[-2.10547507e-01  1.04568116e-01 -9.72386748e-02]
  [-2.15568811e-01  6.88971207e-02 -1.85203910e-01]
  [ 4.61929999e-02  6.25433624e-02 -2.37593334e-02]]

 [[ 4.25979421e-02 -9.04310495e-02  1.27408594e-01]
  [-2.91338954e-02 -7.61263538e-03 -2.96701342e-01]
  [-8.46114159e-02 -1.44466370e-01 -1.15070026e-02]]

 [[ 8.16470385e-02  1.26601994e-01  3.16148438e-02]
  [ 5.33459969e-02 -1.23903982e-01 -3.12500298e-02]
  [ 8.29709098e-02  1.83784869e-02 -6.60798103e-02]]

 [[-2.66553879e-01 -1.48581788e-01  1.99092075e-01]
  [-2.56571639e-03 -6.51676282e-02  3.87741596e-01]
  [-2.45336387e-02  1.22633688e-01 -7.49283843e-03]]

 [[ 9.11800265e-02  1.67595986e-02  2.29502812e-01]
  [ 3.87285240e-02  3.12962756e-02 -3.42548266e-02]
  [-1.34072471e-02 -1.56443164e-01 -1.45247340e-01]]

 [[-2.02864721e-01  3.01063567e-01 -2.28643641e-01]
  [-3.52601334e-02  9.24871042e-02 -1.34218037e-01]
  [-2.02745736e-01  7.35430568e-02  2.43113600e-02]]

 [[ 1.38395756e-01 -1.34100601e-01  1.81435540e-01]
  [ 4.89580259e-02 -7.46559817e-03  2.98621040e-02]
  [-1.45962778e-02 -1.91070382e-02  7.85528943e-02]]

 [[-3.68871464e-04 -3.72658297e-02 -2.57258058e-01]
  [ 1.30775884e-01 -5.29591180e-02 -2.10204404e-02]
  [ 2.44672075e-02 -4.05501761e-02 -5.00830784e-02]]

 [[-2.83959080e-02  1.10775493e-01 -8.86010379e-03]
  [-6.58982098e-02 -9.93746296e-02  3.07404716e-02]
  [-1.08304836e-01 -1.87285066e-01 -1.86049834e-01]]

 [[-2.38817353e-02  1.25577658e-01  2.44934142e-01]
  [-3.62644158e-02 -1.70567408e-01  1.52071401e-01]
  [ 1.27637461e-01 -8.69967937e-02 -3.16573828e-01]]

 [[ 2.10479125e-01 -5.58714904e-02 -8.75613280e-03]
  [ 1.86484188e-01 -3.55113745e-01 -8.69807452e-02]
  [ 6.99961036e-02 -3.73888761e-04 -9.28890705e-02]]

 [[-1.30967736e-01 -1.41002715e-01 -6.95137680e-02]
  [-1.62025243e-01 -3.09292436e-01 -1.76992446e-01]
  [ 7.55361915e-02  2.93396786e-03 -2.24458855e-02]]

 [[-2.00521797e-01 -2.68280834e-01 -2.59595305e-01]
  [-1.06343128e-01  4.77461331e-02  1.31060064e-01]
  [-3.80637357e-03  8.32013786e-03  2.77545825e-02]]

 [[ 1.83443308e-01  2.00740010e-01  2.77790248e-01]
  [-2.87289441e-01 -2.03422368e-01  4.96452721e-03]
  [-1.46663830e-01 -2.31741145e-02 -1.89724907e-01]]

 [[ 2.87392940e-02  1.12953559e-01  2.98842266e-02]
  [-1.17445819e-01 -1.30058244e-01 -1.12506710e-01]
  [-2.16831714e-01 -3.69491756e-01  4.00178999e-01]]][[[-0.23635443 -0.1269656   0.31206632]
  [ 0.14051105 -0.36899403 -0.04013867]
  [-0.0552413  -0.28612414 -0.14010797]]

 [[-0.21577835  0.10399599 -0.11317722]
  [-0.06072748 -0.13823195 -0.14353898]
  [ 0.08042185  0.20408243  0.21973763]]

 [[ 0.09604149 -0.17072314 -0.36735767]
  [ 0.13957302  0.03770361 -0.30180419]
  [ 0.01708422 -0.06037102 -0.00772422]]

 [[-0.0867355  -0.11233315  0.10543843]
  [ 0.07522845 -0.03941284  0.00908177]
  [-0.14328609  0.06007655  0.17551382]]

 [[ 0.2972455   0.12682165  0.12702678]
  [ 0.13584831  0.10112346 -0.12217178]
  [ 0.14206733  0.0421462  -0.22103828]]

 [[ 0.07716391 -0.30780205 -0.0644766 ]
  [ 0.12319157 -0.0135803  -0.07177403]
  [-0.2266213  -0.07445844 -0.14907369]]

 [[ 0.08276194 -0.04774161  0.29708135]
  [ 0.05891928 -0.15876377 -0.07184981]
  [ 0.01996516 -0.06981198 -0.20430648]]

 [[ 0.36175695 -0.53330249  0.14952846]
  [ 0.00719673  0.4114638   0.06028667]
  [-0.10387915 -0.15455425  0.15888472]]

 [[-0.06426638  0.11329544 -0.19700235]
  [-0.04343217  0.00639215 -0.13957766]
  [ 0.01215381  0.10757586 -0.19807835]]

 [[ 0.15330881  0.05915966  0.07141659]
  [ 0.07251444 -0.12026197  0.11378001]
  [ 0.13734952  0.07437797 -0.05513408]]

 [[ 0.06169407 -0.26134926  0.05540073]
  [-0.19531546 -0.25001079 -0.37969211]
  [-0.12150503 -0.31249154 -0.20459016]]

 [[-0.20644982 -0.17835628 -0.35549769]
  [-0.16706267  0.06556235 -0.14576426]
  [ 0.12579754  0.00122158  0.07965413]]

 [[-0.11411682 -0.26054213 -0.02173129]
  [-0.06343559 -0.15568009  0.01323938]
  [ 0.01762058  0.10645446  0.10817834]]

 [[ 0.0294829   0.21141274  0.05349782]
  [ 0.0172133  -0.10089612  0.11810897]
  [ 0.06132248 -0.017954    0.09485435]]

 [[ 0.10207145 -0.34864563  0.08310026]
  [-0.30501017  0.20460811 -0.3312653 ]
  [-0.0707364  -0.07488234 -0.2168283 ]]

 [[ 0.19732475 -0.14131464  0.11902057]
  [ 0.04131982  0.02211886 -0.1154791 ]
  [ 0.00895809  0.01860032  0.03932364]]

 [[ 0.02795415 -0.09897613  0.11408941]
  [-0.05363239 -0.01184599 -0.12032561]
  [-0.08839865 -0.0509912  -0.04061285]]

 [[-0.09593761 -0.11220528  0.00354979]
  [ 0.03298956 -0.04356834  0.03440366]
  [ 0.08343545 -0.0800919   0.09003682]]

 [[ 0.09678714 -0.31094545 -0.04241142]
  [-0.20037232 -0.27633363 -0.20889966]
  [ 0.03693795 -0.0302828  -0.2394838 ]]

 [[ 0.06921694 -0.06333423  0.25712264]
  [-0.00092018  0.18705288  0.1370672 ]
  [-0.28727466 -0.08763441  0.0837215 ]]

 [[ 0.05641909 -0.18395785 -0.29833955]
  [-0.02071829  0.0777714  -0.02370315]
  [-0.08232081 -0.0406095  -0.16714218]]

 [[-0.02981615 -0.2338102   0.15368602]
  [-0.0101112   0.1304106  -0.23549114]
  [ 0.13541946 -0.19714715  0.28688148]]

 [[ 0.06928352  0.34332034 -0.1228674 ]
  [-0.10901122  0.36685491 -0.09763217]
  [-0.10908108  0.20648117  0.01209672]]

 [[ 0.05647289  0.09933475  0.21830006]
  [ 0.13369776  0.33719784  0.04101647]
  [-0.02607938  0.4824104  -0.15824011]]

 [[-0.125044    0.34755155  0.09064176]
  [-0.11623149 -0.04609747  0.09335626]
  [-0.14549226 -0.0218701  -0.170757  ]]

 [[-0.13333213  0.11056333 -0.11696717]
  [-0.11757539 -0.29842636 -0.20077595]
  [-0.28626856 -0.03907062 -0.29705402]]

 [[-0.03420871  0.0012019  -0.28075236]
  [-0.07590807 -0.00191976 -0.07409938]
  [-0.27256179 -0.19411168  0.10637996]]

 [[-0.17066148 -0.01576217 -0.24510683]
  [-0.20961788 -0.14352994 -0.16099171]
  [-0.02734504  0.10424081 -0.0007445 ]]

 [[ 0.12942435 -0.05530375  0.05331719]
  [ 0.05036616 -0.11221903 -0.08427619]
  [-0.08275034 -0.09568286 -0.04892104]]

 [[ 0.03681897 -0.23013158  0.18512434]
  [-0.13719663 -0.15771568 -0.25870961]
  [-0.07904922 -0.0183364  -0.0473162 ]]

 [[-0.06008946 -0.1420109   0.09978679]
  [ 0.03814445 -0.02762317  0.03214332]
  [ 0.13956939 -0.14909701  0.05638011]]

 [[-0.284504   -0.39224327 -0.05720685]
  [-0.03282607 -0.13960338 -0.34534931]
  [ 0.02729156 -0.07086367 -0.19656085]]][[[-9.54317227e-02  1.32633537e-01 -2.57420152e-01]
  [-1.19453847e-01 -3.31707269e-01 -1.01896919e-01]
  [ 3.84717286e-01 -1.37462929e-01  3.74021560e-01]]

 [[-3.11445057e-01  1.85625345e-01 -1.78384259e-01]
  [-1.62658349e-01 -2.63719261e-01 -1.13547176e-01]
  [ 2.87943214e-01 -3.62010658e-01  2.09033415e-01]]

 [[ 1.55571669e-01  7.10394979e-02 -3.99197005e-02]
  [-2.07419116e-02  2.49687918e-02  5.64331003e-02]
  [ 1.70663055e-02 -1.27079844e-01 -9.07731056e-02]]

 [[ 8.33899155e-03  8.85843560e-02 -1.12266883e-01]
  [-7.67201036e-02 -1.13568954e-01 -1.93475053e-01]
  [-1.13982186e-01 -8.67598429e-02  1.22321539e-01]]

 [[ 2.11533308e-01 -3.53657790e-02  3.63586158e-01]
  [-3.04969866e-02  6.54729530e-02 -3.04214239e-01]
  [ 3.68492991e-01  2.13964790e-01  4.46835279e-01]]

 [[-6.05397344e-01 -2.02610642e-01 -3.22009623e-01]
  [-2.65065674e-02 -4.10482101e-02 -1.21707723e-01]
  [ 5.12875803e-02  9.56237242e-02  1.40644804e-01]]

 [[-2.84471244e-01 -1.78644985e-01 -2.39270121e-01]
  [-5.25897481e-02 -3.30150537e-02 -1.34894207e-01]
  [-1.06297150e-01 -2.63807941e-02 -1.25555824e-02]]

 [[-2.69544244e-01 -4.56091553e-01 -4.44405168e-01]
  [-3.17930460e-01 -2.12144062e-01 -4.03569311e-01]
  [-5.24666607e-01 -2.88172334e-01  8.52881595e-02]]

 [[-9.02956501e-02 -1.04779527e-01  2.64739633e-01]
  [-1.31172091e-01  3.50685976e-02 -6.53649941e-02]
  [ 9.41493586e-02 -1.58278331e-01 -1.65915653e-01]]

 [[-9.03400108e-02 -8.28748643e-02 -1.33705035e-01]
  [ 9.43476800e-03  1.06166728e-01 -5.27105555e-02]
  [ 1.32266954e-01 -1.93082988e-01  1.50685415e-01]]

 [[-1.56991966e-02 -1.40763745e-01  1.64493293e-01]
  [-7.85808787e-02 -2.27988601e-01 -1.37624413e-01]
  [ 2.17170358e-01 -1.22125693e-01  2.10207272e-02]]

 [[-5.24355710e-01  1.03950314e-01 -3.02800596e-01]
  [-1.36922166e-01 -3.04236021e-02 -5.20952195e-02]
  [ 4.44670290e-01 -1.72597662e-01  4.39270437e-01]]

 [[ 2.85735160e-01  1.92969352e-01 -6.34759106e-03]
  [ 1.27558649e-01  1.62918538e-01  1.47267789e-01]
  [ 7.01200813e-02 -7.94449523e-02 -5.62856197e-02]]

 [[-4.80586253e-02 -1.71543047e-01 -1.08624853e-01]
  [ 2.06928328e-02  5.67073282e-03 -1.94176748e-01]
  [ 4.06515487e-02  8.58504593e-01 -1.13842987e-01]]

 [[-7.17653707e-02  3.66460115e-01 -7.25927949e-02]
  [-2.85305023e-01 -1.73154891e-01 -1.13925032e-01]
  [-5.36335073e-02 -2.22503439e-01 -2.56082546e-02]]

 [[-1.01581000e-01  1.32348165e-01  7.15403408e-02]
  [-1.95318937e-01 -3.53406996e-01  1.46163195e-01]
  [-4.45535406e-02  4.30608578e-02 -1.46659196e-03]]

 [[-8.55649337e-02 -1.39663354e-01 -8.07558447e-02]
  [-5.88409416e-02 -1.76425144e-01 -1.27570316e-01]
  [ 2.54569389e-02  5.45609519e-02  3.42008881e-02]]

 [[-1.51956618e-01 -1.57368287e-01 -2.39363298e-01]
  [-2.70831257e-01 -1.43682078e-01 -2.14213967e-01]
  [ 1.22283533e-01  2.61325538e-01 -1.12585455e-01]]

 [[-2.72427257e-02 -9.23176184e-02 -4.25272696e-02]
  [-5.61041608e-02 -2.22028419e-01  1.69860832e-02]
  [ 1.21935830e-01 -8.89091715e-02  8.24402645e-02]]

 [[ 3.26818496e-01 -3.46004888e-02  1.01237804e-01]
  [-1.60605088e-02 -6.80622607e-02 -1.16995856e-01]
  [-1.65365428e-01 -2.30151400e-01  1.06190354e-01]]

 [[ 3.00545961e-01 -2.97529325e-02  2.42202029e-01]
  [-2.43206352e-01 -2.12270364e-01 -1.52389854e-01]
  [ 1.10393219e-01 -1.86211571e-01 -1.18582912e-01]]

 [[ 1.22284941e-01  2.69286577e-02  1.62370369e-01]
  [-1.49354994e-01 -4.01570424e-02  1.34993130e-02]
  [ 7.62681141e-02 -2.85436302e-01  1.55131310e-01]]

 [[ 1.27171846e-02  2.50567108e-01  9.38066542e-02]
  [ 3.57787171e-03 -3.43898445e-01  5.17115481e-02]
  [-1.92437008e-01 -1.57960594e-01 -1.90422356e-01]]

 [[-5.60958125e-02 -1.79069296e-01  1.92119867e-01]
  [ 2.53216833e-01 -8.26709555e-04  1.43329248e-01]
  [-6.89925253e-02  4.60519604e-02  6.77097216e-02]]

 [[-1.22627616e-01 -1.29820138e-01 -2.05267891e-01]
  [ 3.20296921e-02 -3.55948843e-02 -8.98945108e-02]
  [-1.47701547e-01  1.02903046e-01 -1.88541368e-01]]

 [[ 1.58551022e-01  4.97002900e-02  1.57547623e-01]
  [ 2.99035665e-02  1.33146673e-01  9.11921561e-02]
  [-1.49310172e-01  1.52550044e-03 -5.92128448e-02]]

 [[-2.11839885e-01 -1.13301780e-02 -6.92092162e-03]
  [ 6.18490465e-02  4.12405394e-02  1.05386734e-01]
  [ 3.45525444e-02 -1.81158677e-01  8.35527182e-02]]

 [[ 2.12885216e-01  5.83365113e-02  2.34175161e-01]
  [ 2.29992449e-01 -4.94973734e-03  2.12805733e-01]
  [-1.30329892e-01  1.43809929e-01 -5.17984480e-02]]

 [[-4.54561472e-01 -1.49992004e-01 -2.26065204e-01]
  [-2.13653997e-01 -8.70812163e-02 -3.45835954e-01]
  [ 4.08176035e-02  1.40214667e-01  3.08930099e-01]]

 [[ 1.93037987e-02 -6.60927817e-02 -3.18989873e-01]
  [-2.69656241e-01 -1.85841043e-02 -1.56956404e-01]
  [ 2.68454373e-01  2.44572416e-01 -2.75662169e-02]]

 [[ 7.36169666e-02  1.21028736e-01 -4.76862490e-03]
  [-1.97643846e-01 -3.75522338e-02 -1.91651344e-01]
  [ 1.04128465e-01  4.82258126e-02 -1.06947109e-01]]

 [[ 4.05937955e-02 -3.57892215e-02  1.65513486e-01]
  [ 8.93473700e-02  1.06677711e-01 -8.27413201e-02]
  [ 2.22410873e-01 -3.30488324e-01  1.21763341e-01]]][[[-0.04680782 -0.16329035  0.15386283]
  [-0.09410118 -0.04033964 -0.25493285]
  [ 0.05637226  0.1685176   0.22565118]]

 [[ 0.30206785 -0.04587989  0.35125834]
  [ 0.25730112 -0.06827002  0.03125192]
  [ 0.27727148 -0.08364532  0.26656544]]

 [[ 0.09507772 -0.03535361  0.21288945]
  [ 0.06272907  0.18570608 -0.03738382]
  [ 0.0080067  -0.02708142 -0.16696243]]

 [[ 0.0263467  -0.05316789 -0.07935018]
  [ 0.0505694   0.17166328  0.06925217]
  [ 0.06128322 -0.21431135 -0.15092802]]

 [[ 0.10213167  0.06952988  0.21101734]
  [ 0.23666447  0.06918799  0.01418468]
  [ 0.41281906 -0.13742505  0.11546169]]

 [[-0.18124856 -0.17044522  0.10015002]
  [-0.01872341  0.01812758 -0.05216355]
  [-0.05765542 -0.10288684 -0.07234143]]

 [[-0.11774886 -0.03897542 -0.17450164]
  [ 0.05509456  0.04394746 -0.31457609]
  [-0.03164532  0.00507276 -0.16049247]]

 [[ 0.08991462 -0.14749399  0.1986953 ]
  [ 0.13662097  0.23266201  0.03509136]
  [-0.07283557  0.24334337  0.07595053]]

 [[ 0.0614064  -0.14685422 -0.37768069]
  [-0.59289235 -0.47111848 -0.35416001]
  [-0.30813372 -0.07109195  0.06024272]]

 [[-0.22438741 -0.57503247 -0.58826721]
  [ 0.0575862  -0.62215531 -0.50721073]
  [-0.12145504 -0.33367684 -0.34299073]]

 [[-0.21372569 -0.35532355 -0.33821669]
  [-0.14067325 -0.02765935  0.09188112]
  [-0.22094142 -0.23512971 -0.11721352]]

 [[-0.17013818 -0.24030487  0.15655953]
  [-0.13901174 -0.07690229 -0.06787748]
  [-0.25295243 -0.08959919  0.17266545]]

 [[-0.26480111 -0.08076032 -0.00163393]
  [-0.00858011  0.06798947  0.09895812]
  [-0.16341367  0.03775056 -0.12002189]]

 [[-0.11837897  0.02310623  0.01368836]
  [-0.09874315  0.112873   -0.1010972 ]
  [ 0.13451615 -0.01140054 -0.01558994]]

 [[ 0.17226657 -0.13437855 -0.03570603]
  [ 0.01809715  0.0838666  -0.26456094]
  [-0.16867472 -0.00637718 -0.40806985]]

 [[-0.05889133 -0.17352353  0.05388029]
  [-0.016592   -0.09611411 -0.01649894]
  [ 0.157167    0.00096222  0.01318332]]

 [[-0.1734245  -0.00731582  0.05914056]
  [-0.19944325  0.00730487  0.01536133]
  [-0.06839316  0.03791952  0.20765112]]

 [[-0.17028533 -0.01531246  0.10918641]
  [-0.03942368  0.01162193 -0.09337894]
  [-0.02302935 -0.04118317  0.03732931]]

 [[-0.09385413  0.14967355 -0.21199197]
  [-0.15201393  0.04172104 -0.0312225 ]
  [-0.27007025  0.05983237  0.1488892 ]]

 [[-0.08267949  0.09813833  0.05080419]
  [ 0.18423365  0.04680082  0.00427464]
  [ 0.0919826  -0.16919514  0.18941006]]

 [[-0.04469916 -0.17233215 -0.05889613]
  [-0.18829203 -0.05696508 -0.1156305 ]
  [-0.13596463 -0.15429199  0.05538493]]

 [[ 0.05299612 -0.04027721 -0.08714826]
  [ 0.07402797 -0.08851726 -0.04683532]
  [-0.09568892  0.08128262 -0.16729714]]

 [[ 0.03200412 -0.09172603 -0.07482084]
  [ 0.12333583  0.00107871  0.04982553]
  [ 0.23006342  0.08777909 -0.04989535]]

 [[-0.00442398  0.050739   -0.04190026]
  [-0.11065236  0.0316382  -0.10626955]
  [-0.22608951 -0.11929116 -0.38153222]]

 [[-0.09845167 -0.01579218  0.03913384]
  [-0.02674866 -0.01364415  0.0501236 ]
  [ 0.09036355 -0.05079804 -0.35562384]]

 [[-0.0645202   0.05187362  0.05151387]
  [ 0.09664159 -0.088568   -0.62407571]
  [-0.23277956  0.01627562 -0.35319406]]

 [[-0.09330174  0.08509441  0.12543087]
  [ 0.03576913  0.01306809  0.27765316]
  [ 0.1155198  -0.13123612  0.34891549]]

 [[-0.12584019  0.22320631 -0.13482505]
  [-0.05702792  0.05779174 -0.02380127]
  [-0.2205821   0.06600255 -0.10602577]]

 [[-0.18782602 -0.19691692 -0.00907489]
  [ 0.07177412  0.0152166  -0.11373504]
  [-0.07334476 -0.18635257  0.08871719]]

 [[-0.15605998 -0.15889804 -0.03354682]
  [-0.00414709  0.12446216 -0.20509891]
  [ 0.04905878 -0.18332495 -0.01364028]]

 [[-0.07686081  0.14134628 -0.1507266 ]
  [-0.04528085  0.18264774  0.02699309]
  [ 0.02550961 -0.13403489  0.15993388]]

 [[-0.29526043 -0.13501504  0.06633763]
  [-0.52219987 -0.32943585 -0.6125381 ]
  [-0.16136059  0.08006049 -0.393796  ]]][[[ 1.42933235e-01 -1.68159287e-02  5.97681999e-01]
  [-3.79815906e-01 -2.42685303e-01 -2.29884848e-01]
  [-5.73871806e-02  4.19356152e-02 -3.58688325e-01]]

 [[-1.12709731e-01 -9.60179418e-02 -1.71928674e-01]
  [-5.88089041e-02 -7.81217813e-02 -7.83396289e-02]
  [ 1.53418124e-01  2.52387226e-01  2.82092839e-01]]

 [[-4.15073544e-01 -7.93806240e-02  1.10286186e-02]
  [-1.31275088e-01  1.96318515e-02 -1.65015101e-01]
  [-1.74758181e-01 -1.07396625e-01 -8.07645619e-02]]

 [[-2.03790590e-01  1.15256712e-01  2.54428815e-02]
  [-2.64856629e-02  3.01895551e-02 -5.84872346e-03]
  [-6.30567372e-02 -1.31578311e-01 -5.44239357e-02]]

 [[ 2.80374616e-01  8.92040730e-02  2.36146096e-02]
  [ 2.03498498e-01 -8.70527253e-02 -2.30031818e-01]
  [ 2.73761660e-01 -1.10716270e-02  3.26076925e-01]]

 [[-9.30814147e-02 -1.00510120e-01 -7.07658231e-02]
  [-7.14282244e-02 -4.72324453e-02 -4.27564345e-02]
  [-1.03895165e-01 -2.93512017e-01 -2.44644672e-01]]

 [[-4.20213165e-03 -2.51648039e-01 -1.07735373e-01]
  [ 6.15320541e-02 -1.46617457e-01 -7.38483369e-02]
  [-5.50687797e-02  4.23930623e-02  7.67525136e-02]]

 [[ 2.94929951e-01 -1.69844523e-01 -1.53599501e-01]
  [-3.06469887e-01 -3.89571577e-01 -6.70296729e-01]
  [-7.61635080e-02 -1.67734027e-02 -3.91212590e-02]]

 [[-2.48674065e-01 -2.37382561e-01 -9.56285000e-02]
  [ 9.08526182e-02 -8.87469575e-02 -9.87387151e-02]
  [ 8.17538202e-02 -1.11471862e-01 -1.51394039e-01]]

 [[-1.33745641e-01 -1.20799504e-01 -2.55321562e-01]
  [ 2.76402682e-02 -1.70965850e-01 -6.21566437e-02]
  [ 1.49586096e-01  1.97427496e-02 -5.42174606e-03]]

 [[-1.14823304e-01 -3.84858102e-02 -1.01428367e-01]
  [-1.95904791e-01 -1.62325367e-01  5.38245551e-02]
  [-6.99862689e-02 -4.26025182e-01 -9.17448625e-02]]

 [[-1.99767947e-01 -4.71649840e-02 -1.18854837e-02]
  [-1.83517620e-01 -2.46552885e-01 -1.55568525e-01]
  [ 2.83279955e-01  1.69703607e-02  8.80572828e-04]]

 [[ 1.69113904e-01 -2.69456941e-04 -2.07841426e-01]
  [ 1.21257156e-01 -4.44544613e-01 -3.51275742e-01]
  [-3.48050565e-01 -3.12379301e-01  2.32463822e-01]]

 [[ 5.15053608e-03  1.32221077e-02 -1.66992262e-01]
  [-1.64788797e-01  2.20411550e-02  8.60237032e-02]
  [ 7.21574053e-02 -2.50399321e-01 -3.33197340e-02]]

 [[ 3.41866873e-02  2.32658032e-02 -1.08062029e-01]
  [ 1.68463945e-01  3.35953049e-02  9.11400467e-02]
  [-8.21900181e-03  8.19081366e-02 -5.20401113e-02]]

 [[ 2.77796447e-01  2.91545726e-02  2.53121555e-01]
  [ 3.29499841e-01 -1.82661980e-01 -2.56461650e-01]
  [ 1.36452839e-01 -3.08118612e-01 -2.46452883e-01]]

 [[ 2.38173231e-02 -1.74956173e-02  2.16741413e-02]
  [ 5.05938232e-02 -2.19684877e-02  1.68558639e-02]
  [ 3.03227687e-04  5.65025024e-03 -1.12105161e-01]]

 [[-5.37574105e-02  1.06467687e-01  1.65071994e-01]
  [-2.93418854e-01 -1.88851625e-01 -1.30451396e-01]
  [-1.17479026e-01 -2.47912496e-01 -2.08385125e-01]]

 [[-5.08760847e-02  3.33546964e-03 -1.14687413e-01]
  [ 2.97237076e-02 -1.24394789e-01 -1.13741934e-01]
  [ 1.15823485e-01  4.62741777e-02  2.07466390e-02]]

 [[-1.16628021e-01  2.56134141e-02 -2.24039048e-01]
  [-3.76012251e-02 -3.26115280e-01 -6.10108189e-02]
  [ 1.64722260e-02 -3.43536772e-02 -1.60464302e-01]]

 [[-2.13700626e-02  1.73351854e-01 -1.74998984e-01]
  [ 1.71108633e-01 -1.09412149e-03  3.87491286e-02]
  [-8.83601159e-02 -2.21483260e-02 -9.31291729e-02]]

 [[-3.11897844e-02  2.55846847e-02  3.12233176e-02]
  [-7.89153650e-02  7.13586509e-02 -1.13211796e-01]
  [-2.29644746e-01  3.64248976e-02 -2.20169917e-01]]

 [[-2.85479337e-01  1.69947203e-02  3.97545844e-02]
  [ 1.10784151e-01  1.69767827e-01  1.80019557e-01]
  [ 3.28500599e-01 -1.05783202e-01  2.50196964e-01]]

 [[-3.02453339e-02  5.94756100e-04  4.87455726e-03]
  [ 6.22212999e-02 -4.68633138e-02  4.63805608e-02]
  [-1.15096144e-01  3.15044150e-02  1.40120119e-01]]

 [[-2.31553726e-02  9.56740230e-02 -6.10500760e-02]
  [-9.28698033e-02  1.30054504e-02  1.34313516e-02]
  [-3.39710772e-01 -6.49379790e-02 -2.20144838e-01]]

 [[ 2.14537889e-01 -2.18632802e-01  3.74385677e-02]
  [-1.15367383e-01  2.04750076e-01 -3.35052684e-02]
  [-1.46357596e-01 -7.86227360e-02 -4.30333838e-02]]

 [[ 9.41774920e-02 -1.26429006e-01 -3.24782401e-01]
  [-1.79798100e-02 -1.91245899e-01  6.39186427e-02]
  [-1.91806793e-01  1.77604675e-01  9.57609713e-02]]

 [[ 5.77046946e-02 -2.66742706e-02  1.98309077e-04]
  [-1.66233689e-01  3.31618637e-02  5.21897990e-03]
  [-6.40267059e-02  7.93790221e-02  3.20882257e-03]]

 [[-4.67966571e-02 -1.51348766e-02 -6.17473051e-02]
  [-8.43161568e-02 -1.75574541e-01 -2.85902858e-01]
  [-1.02613941e-01 -2.25747660e-01 -3.33905160e-01]]

 [[-2.15769753e-01  1.32589296e-01  2.39781454e-01]
  [-2.62390405e-01  8.83897301e-03 -7.91375116e-02]
  [-1.55308275e-02 -5.40947318e-02  1.74912754e-02]]

 [[-3.49361837e-01 -3.19271713e-01 -2.22538561e-01]
  [ 5.14823794e-02 -1.99178755e-01 -1.79874837e-01]
  [-8.36809576e-02  1.28124785e-02  7.02383816e-02]]

 [[-7.21916258e-02 -1.72223195e-01  1.00989431e-01]
  [ 1.87076554e-01 -7.42762610e-02 -7.24980310e-02]
  [ 2.59985149e-01  2.38542214e-01  1.95654303e-01]]][[[ 2.27665275e-01  1.75634786e-01 -2.78087020e-01]
  [-2.39190273e-02 -8.16166699e-02 -1.02694966e-02]
  [ 2.04468220e-01  2.87002265e-01 -7.55166039e-02]]

 [[-2.54468787e-02 -7.31164292e-02 -3.40847492e-01]
  [ 8.90224129e-02 -1.03940710e-01 -2.01952770e-01]
  [ 2.27238089e-02  2.36508399e-01 -2.02210397e-01]]

 [[ 5.31831868e-02  7.35349953e-03  1.15882851e-01]
  [-4.55791131e-02 -9.52313840e-02 -6.29969612e-02]
  [ 3.12977172e-02  1.20105185e-01 -8.48005340e-02]]

 [[-1.88352481e-01 -2.88543086e-02 -2.32517883e-01]
  [ 6.82638958e-02  2.41537809e-01 -7.94951245e-02]
  [-1.73336375e-04 -1.01425231e-01  6.47228658e-02]]

 [[ 1.52848378e-01 -7.72103667e-02  1.08861357e-01]
  [ 9.03411880e-02 -2.15953551e-02 -3.90589759e-02]
  [ 1.43406555e-01 -2.71026462e-01  5.66450000e-01]]

 [[-7.88681656e-02  6.36626184e-02  8.09853449e-02]
  [-2.25191906e-01  1.71300042e-02  2.14436740e-01]
  [-3.33447814e-01 -3.44348073e-01  1.17738992e-01]]

 [[-2.37284042e-02 -4.55923118e-02 -1.67075634e-01]
  [-1.43808141e-01 -8.17239359e-02 -1.79022364e-02]
  [-1.34530038e-01 -3.66713814e-02 -4.85644564e-02]]

 [[-2.84741044e-01 -1.22425742e-02 -1.29224181e-01]
  [-2.79201031e-01 -6.29190654e-02 -2.22363800e-01]
  [-3.67973924e-01 -7.60679245e-02  1.08930439e-01]]

 [[-1.38488472e-01 -7.37318164e-03 -2.85029113e-02]
  [-1.00678012e-01 -4.86249439e-02 -2.42469177e-01]
  [-1.72658652e-01 -4.54592034e-02  6.38311431e-02]]

 [[-1.43233970e-01 -8.03577155e-02 -7.20322430e-02]
  [-2.50500105e-02 -1.10125244e-01 -2.28699520e-01]
  [-1.11920469e-01  9.52457488e-02 -2.19617799e-01]]

 [[-9.76027846e-02 -2.99112707e-01 -6.04964606e-02]
  [ 1.29106387e-01  7.10026100e-02 -4.61658426e-02]
  [ 1.18601834e-03  3.43900770e-02 -1.20617047e-01]]

 [[-1.21160448e-01 -2.87648682e-02  8.69721472e-02]
  [ 2.34086469e-01 -1.90647885e-01  1.22471496e-01]
  [ 5.52200228e-02  1.87308401e-01 -2.56993204e-01]]

 [[ 1.38500333e-01  1.02468908e-01 -1.31681832e-02]
  [-2.71765471e-01 -6.29587173e-02 -2.05587640e-01]
  [ 5.10958806e-02 -4.22297679e-02 -2.27914318e-01]]

 [[-2.93031216e-01 -3.97388756e-01  1.90491319e-01]
  [-4.02205735e-01  3.13735604e-01  4.80401307e-01]
  [-4.10414696e-01 -4.97331887e-01  1.80245966e-01]]

 [[ 1.31625282e-02  9.00374427e-02 -5.02658971e-02]
  [ 1.20758757e-01 -1.82355642e-02 -1.65455118e-01]
  [ 2.03631949e-02  9.60320458e-02 -2.91067719e-01]]

 [[ 6.61697984e-02 -1.13536999e-01 -2.10187599e-01]
  [-1.93379804e-01 -2.67360836e-01  8.83970782e-02]
  [-1.25179678e-01 -3.34875554e-01 -1.67556494e-01]]

 [[-1.13185078e-01  3.20613291e-03  7.36694187e-02]
  [-3.26705314e-02 -5.87330759e-02 -7.18447343e-02]
  [-1.26055077e-01  1.08081199e-01 -3.94787006e-02]]

 [[-1.71468824e-01 -2.73304246e-02 -5.24168573e-02]
  [-2.46250093e-01 -1.44108608e-01  1.03030235e-01]
  [-1.84184179e-01 -4.10222411e-02  1.99351147e-01]]

 [[ 3.17117460e-02  6.84053749e-02 -6.53128773e-02]
  [-2.38075685e-02  9.51595828e-02  1.24157749e-01]
  [-8.00212547e-02 -1.23340720e-02 -1.16713800e-01]]

 [[ 9.01221111e-02  9.11158472e-02 -1.64024457e-01]
  [ 3.54132764e-02 -1.94521114e-01 -2.55304156e-03]
  [-5.22635095e-02 -1.48702830e-01  1.88521311e-01]]

 [[ 4.34582867e-02  3.41668678e-03 -3.79259706e-01]
  [-3.29682492e-02 -2.03934666e-02 -1.07831910e-01]
  [ 6.62863106e-02  6.41536489e-02 -1.98728502e-01]]

 [[-3.90395033e-03  9.83334929e-02  8.65266100e-02]
  [ 5.07311411e-02 -6.48999214e-02 -2.62231771e-02]
  [-8.09055343e-02  7.44300187e-02 -2.94883579e-01]]

 [[ 9.69053060e-02  9.93093550e-02 -1.89008713e-02]
  [-4.28722240e-02 -3.89645696e-02 -1.44371197e-01]
  [-1.96613640e-01 -1.77114367e-01 -3.85763347e-02]]

 [[ 1.25988141e-01  1.46426946e-01 -1.11550145e-01]
  [-3.21563631e-02  1.01421617e-01 -1.58636704e-01]
  [-1.27571538e-01  8.43312368e-02 -9.05852243e-02]]

 [[-1.75506294e-01 -5.53312004e-02 -1.25443056e-01]
  [-4.77983840e-02 -1.03061840e-01 -4.99425903e-02]
  [ 6.31565079e-02 -1.91498145e-01 -8.69268328e-02]]

 [[ 2.52867401e-01  1.81481376e-01 -6.97983801e-02]
  [-7.44223073e-02 -5.38538173e-02 -1.62234932e-01]
  [ 7.46875107e-02  4.73986641e-02 -7.14728385e-02]]

 [[-7.20237717e-02  6.16308488e-02  4.74279746e-02]
  [-6.11577220e-02  6.72937836e-03 -1.69660076e-01]
  [ 2.22036131e-02  1.61375120e-01 -1.05470665e-01]]

 [[ 2.41282079e-02  6.91043586e-02  1.23365745e-01]
  [-8.67756177e-03  3.22109275e-02 -1.75781384e-01]
  [-4.89561968e-02 -1.02690414e-01  2.43767783e-01]]

 [[-1.05890758e-01 -1.12251773e-01  1.29706740e-01]
  [ 8.16770643e-02 -3.51502676e-03  2.00057223e-01]
  [ 2.78565823e-03 -1.66495815e-02 -5.33125326e-02]]

 [[-4.86095734e-02 -9.37982202e-02  3.92631302e-03]
  [-2.21114866e-02 -7.87278414e-02  3.50504592e-02]
  [-1.00319952e-01 -7.98133090e-02 -1.14133358e-01]]

 [[-1.04646243e-01 -2.16874331e-02 -1.87098384e-01]
  [ 1.09038375e-01  3.54524441e-02 -7.23480359e-02]
  [-9.99312624e-02 -5.66288866e-02  9.49115604e-02]]

 [[ 9.31471437e-02  4.98572215e-02  1.29265100e-01]
  [ 1.78011283e-01 -1.01851746e-01 -1.23038188e-01]
  [-1.83788016e-02  5.54468744e-02 -2.10455000e-01]]][[[-9.45078954e-02 -1.36686638e-01  9.32225287e-02]
  [-1.51356176e-01 -2.05695599e-01 -1.09942310e-01]
  [ 1.00853637e-01  2.03911457e-02  3.20831269e-01]]

 [[-1.10332087e-01  9.64658633e-02 -1.44830137e-03]
  [-1.73356056e-01 -1.75386727e-01 -6.10884249e-01]
  [-1.64502189e-01 -6.26060516e-02  1.19129866e-01]]

 [[ 2.30895858e-02 -2.04116583e-01 -2.99103528e-01]
  [ 3.33825350e-02 -6.83166832e-02 -3.34364831e-01]
  [-8.30963030e-02 -2.94790149e-01 -8.05444121e-02]]

 [[-5.26235532e-03 -8.63940343e-02  1.49044871e-01]
  [-4.09027636e-02 -1.91260517e-01 -2.34051868e-01]
  [ 1.85167015e-01 -1.92851320e-01 -9.42444205e-02]]

 [[ 3.45226288e-01 -4.79420796e-02  3.02078009e-01]
  [ 2.05731168e-01  1.79816842e-01  2.43426174e-01]
  [ 2.24316493e-01 -3.34229171e-01  3.22453141e-01]]

 [[-8.47921371e-02 -1.09831437e-01 -9.36832279e-02]
  [-2.78726183e-02 -1.09076165e-01 -1.19574197e-01]
  [-1.50792345e-01  1.52296824e-02 -5.35650700e-02]]

 [[ 2.28604823e-02  3.12153623e-02  4.61867712e-02]
  [-5.20914011e-02 -6.55871257e-03 -2.15586528e-01]
  [ 1.58672594e-02  2.55171470e-02 -2.03280613e-01]]

 [[ 1.10766470e-01 -8.63238871e-02 -1.40929714e-01]
  [ 5.19664437e-02  2.20311582e-02 -3.75942916e-01]
  [-4.18409817e-02  2.53049970e-01 -7.19635844e-01]]

 [[-9.75903962e-03 -1.25886783e-01 -1.35586128e-01]
  [ 1.00038029e-01 -8.54374170e-02 -2.23864064e-01]
  [ 2.22235069e-01  6.81591406e-02  5.31641021e-02]]

 [[-3.83659631e-01 -3.77114154e-02  1.67708769e-01]
  [-5.92577457e-02 -1.60672292e-01 -4.19306196e-02]
  [ 2.16397882e-01 -1.37456954e-01 -1.43079087e-01]]

 [[-8.20706338e-02  7.65960962e-02  1.45623073e-01]
  [ 4.10843641e-02 -1.51707560e-01  1.15978628e-01]
  [-1.96999297e-01 -2.34411895e-01 -3.65195453e-01]]

 [[-1.53226987e-01  1.42632827e-01 -2.48359859e-01]
  [-7.63838738e-03 -2.19513863e-01 -4.52417254e-01]
  [-3.99213880e-02  7.51183704e-02  7.21796229e-02]]

 [[ 1.07586771e-01 -3.92447114e-02 -4.55843993e-02]
  [-1.80085197e-01  1.76721681e-02 -1.14160009e-01]
  [ 1.82859395e-02  1.22484729e-01  6.20227717e-02]]

 [[ 8.39441270e-02 -9.29092914e-02  4.05097269e-02]
  [-1.10466488e-01  2.53962465e-02  5.87041629e-03]
  [ 8.28171149e-02 -4.73959558e-02  8.11083391e-02]]

 [[-3.07163417e-01 -2.63235588e-02 -2.13897929e-01]
  [-1.11914836e-01  4.11828868e-02 -2.19108626e-01]
  [-1.23691201e-01 -2.31097993e-02 -7.01163933e-02]]

 [[ 1.79449573e-01 -8.74050856e-02 -5.21674231e-02]
  [-1.28976688e-01 -1.01143658e-01 -1.22865662e-01]
  [ 1.66868135e-01 -5.92532493e-02  1.74156856e-02]]

 [[ 1.63111195e-01  1.38807539e-02  9.29790363e-02]
  [-2.17406005e-02 -1.99410543e-01 -1.14320710e-01]
  [ 1.64770894e-02  1.64519459e-01  9.52485502e-02]]

 [[-1.22856721e-01 -1.78840280e-01 -4.68830131e-02]
  [ 4.68415990e-02 -1.35148093e-01 -2.30478570e-01]
  [ 6.63978234e-02  3.61925736e-02  1.07194908e-01]]

 [[-1.29334077e-01  1.16357461e-01 -3.34857330e-02]
  [-7.94404298e-02  1.41063631e-01 -1.62271157e-01]
  [-1.20203838e-01 -7.99263269e-02 -2.91743696e-01]]

 [[-2.93411333e-02 -1.64405346e-01 -2.58632321e-02]
  [-2.94374824e-02 -5.17162308e-02 -1.10920556e-01]
  [ 1.99860704e-04 -1.85271085e-03 -4.43403050e-02]]

 [[ 4.08878662e-02  8.95623192e-02 -1.37455434e-01]
  [-1.11400343e-01 -8.84214342e-02 -3.98186594e-01]
  [-4.93973903e-02 -2.26132855e-01 -1.14884086e-01]]

 [[ 2.29553357e-01 -1.56078935e-01  1.32250264e-01]
  [-1.64703444e-01 -3.56733382e-01 -2.50555187e-01]
  [-1.92514043e-02 -1.66802809e-01 -6.78963065e-02]]

 [[-1.09818883e-01  4.13486898e-01 -5.95252961e-02]
  [ 1.22896440e-01  1.10490642e-01  2.72068262e-01]
  [-7.48224258e-02  1.20646060e-01 -2.06870884e-02]]

 [[-1.67221949e-01 -2.14183465e-01  1.26977116e-01]
  [ 3.56952958e-02 -1.15003847e-01 -2.39707008e-01]
  [-2.60679096e-01 -1.39321387e-01 -8.83034095e-02]]

 [[ 8.03417191e-02  2.07215980e-01  2.69231528e-01]
  [ 4.56580073e-02  2.41461992e-02  6.17521927e-02]
  [ 5.80854248e-03 -1.54153600e-01 -3.41703184e-02]]

 [[ 8.47809538e-02 -2.98364162e-02  1.10493273e-01]
  [-1.89010218e-01  7.96960443e-02 -2.37556417e-02]
  [-1.60284266e-01 -3.31235118e-02  2.90011009e-03]]

 [[ 1.45777082e-02  2.75180228e-02  1.69838771e-01]
  [ 7.91251380e-03  9.71206501e-02  1.25932217e-01]
  [-7.86623277e-05 -1.34269714e-01  1.98857486e-01]]

 [[-1.22531755e-02  1.58747688e-01 -6.88017085e-02]
  [-1.72924191e-01 -6.54831976e-02 -2.32842997e-01]
  [-1.21923514e-01 -2.24347755e-01 -3.80267143e-01]]

 [[ 1.33535430e-01 -2.33498871e-01 -2.03165725e-01]
  [ 4.42464873e-02 -4.11657318e-02 -1.20945573e-01]
  [-1.12528063e-01 -7.27893040e-02 -7.17031583e-02]]

 [[ 1.17785279e-02 -3.39681625e-01 -2.69759357e-01]
  [-1.64331540e-01  1.03234626e-01 -1.89357951e-01]
  [ 1.03825843e-03 -6.89036353e-03 -3.56990129e-01]]

 [[-2.15719759e-01 -2.13223726e-01 -1.40682414e-01]
  [ 3.76308076e-02  8.39108252e-04  1.74252734e-01]
  [ 5.47799580e-02 -1.58069447e-01  8.01784322e-02]]

 [[-3.03895120e-02  8.63045454e-02  1.27047449e-01]
  [ 1.61663637e-01  1.27922222e-01  2.24468306e-01]
  [-1.68287367e-01 -8.34698007e-02 -4.13189158e-02]]][[[-1.39915645e-01 -1.53695971e-01  7.49723464e-02]
  [-7.82903582e-02 -1.73498884e-01  5.73863499e-02]
  [ 4.26742673e-01 -1.00237869e-01  4.09435600e-01]]

 [[ 1.63904965e-01 -6.81058884e-01  2.75981992e-01]
  [-2.68192273e-02 -7.59575903e-01 -8.92091170e-02]
  [-7.98333958e-02 -1.06572874e-01 -6.46551186e-03]]

 [[ 1.32539496e-02 -1.22180350e-01  3.94548383e-03]
  [-1.90500855e-01 -8.39339122e-02 -1.75228685e-01]
  [ 1.83400214e-02  2.19340902e-02 -1.02919996e-01]]

 [[-9.64947119e-02 -5.45132123e-02 -1.29729152e-01]
  [ 2.00728923e-02 -3.08474172e-02 -1.16111159e-01]
  [ 8.79543740e-03 -1.56906862e-02  7.93455318e-02]]

 [[ 3.28567475e-01 -1.68181416e-02  7.18948171e-02]
  [ 1.34445325e-01  1.02582887e-01  1.26993567e-01]
  [ 3.11772227e-01  1.74432188e-01  9.88461450e-02]]

 [[ 7.12550730e-02  3.00744772e-01 -9.90544409e-02]
  [-2.26772949e-01  1.62131906e-01 -8.76353234e-02]
  [-1.08835757e-01 -4.01607484e-01 -4.58569936e-02]]

 [[-3.45736146e-02  4.37963195e-02 -1.40487418e-01]
  [-8.49007219e-02 -1.69829112e-02 -1.91654697e-01]
  [-7.08261654e-02 -4.81540971e-02 -3.55554000e-02]]

 [[-4.77440134e-02  2.96181500e-01 -2.44603187e-01]
  [ 7.59512931e-02 -3.96133304e-01  4.01650481e-02]
  [-1.75943628e-01 -5.56793869e-01 -1.95764646e-01]]

 [[-3.75499278e-01 -2.69893050e-01 -9.71880034e-02]
  [-2.79824078e-01 -1.93963036e-01 -1.43600404e-01]
  [-1.38152152e-01 -1.66164085e-01 -2.51876444e-01]]

 [[ 4.65675145e-02  1.19796537e-01  1.75544962e-01]
  [-6.52480200e-02  2.17116922e-02  4.32860851e-02]
  [-2.03630060e-01 -1.39374301e-01 -1.17907964e-01]]

 [[-1.29818410e-01  2.70597432e-02  8.79516006e-02]
  [-6.12085164e-02  3.12619433e-02  1.50897846e-01]
  [-1.45432651e-01 -2.41410062e-01  4.60824929e-02]]

 [[-5.64581454e-02 -5.08184619e-02 -3.34678451e-03]
  [ 1.28110871e-01  4.09348682e-02  3.18178274e-02]
  [ 7.91395903e-02  3.31521109e-02  2.12747697e-02]]

 [[-1.51923120e-01 -1.12970062e-01 -1.05505675e-01]
  [-2.70894051e-01 -2.73513108e-01 -5.14859483e-02]
  [-5.23097217e-01 -4.58838403e-01 -9.24044400e-02]]

 [[-4.39054146e-02 -1.20977648e-01 -1.61738917e-02]
  [-3.19587857e-01 -3.67642879e-01 -1.47866875e-01]
  [ 2.27531627e-01  3.74876000e-02  3.44170630e-01]]

 [[ 2.22430050e-01  2.19462723e-01  1.18168734e-01]
  [ 9.04544070e-02 -2.97362238e-01  1.15132779e-01]
  [ 3.33558284e-02 -4.37102746e-04  6.06530230e-04]]

 [[-1.04013152e-01  8.83033872e-02  5.22471145e-02]
  [-1.41638845e-01  6.22640848e-02 -1.40117601e-01]
  [ 1.89612862e-02  8.46739709e-02  4.32818234e-02]]

 [[-1.43138906e-02  4.78413329e-02 -7.34978914e-02]
  [ 8.52796342e-03 -2.07541473e-02  1.04764774e-01]
  [ 8.15785602e-02  2.05237456e-02  4.00311165e-02]]

 [[-5.57682961e-02 -4.04794514e-02 -2.06370980e-01]
  [-3.28303687e-02  1.07880935e-01  5.48213832e-02]
  [-2.47858018e-02  1.08053118e-01 -1.81860968e-01]]

 [[-2.22625136e-02  2.20239442e-02 -1.90092809e-02]
  [ 5.26955500e-02  9.89641994e-03  1.27253979e-01]
  [ 2.80094177e-01  5.03145680e-02  1.06938727e-01]]

 [[-1.07499905e-01 -1.27737179e-01 -1.78916991e-01]
  [-5.81082925e-02 -1.31896555e-01 -9.35763419e-02]
  [-2.13672668e-01 -1.12533800e-01 -1.62243545e-01]]

 [[-8.88460055e-02 -1.25416880e-02 -1.22863777e-01]
  [-1.31759420e-01 -1.47709489e-01 -2.50884742e-01]
  [ 3.10932487e-01  5.36494553e-02 -2.79018562e-02]]

 [[ 6.07519560e-02  3.93634178e-02  1.53138533e-01]
  [-1.50960013e-01 -2.92853445e-01  2.50478126e-02]
  [ 5.22745438e-02 -4.21072869e-03  1.52640715e-01]]

 [[ 2.45477576e-02 -1.36117488e-01  8.62364471e-02]
  [ 1.20575383e-01  4.99889255e-02  1.57201290e-01]
  [-1.52482875e-02  1.08628184e-01 -1.72139466e-01]]

 [[ 1.59247350e-02 -2.42574170e-01  1.54705755e-02]
  [-2.00115770e-01 -5.05470991e-01 -2.58580476e-01]
  [-8.47770125e-02 -4.28499728e-02  5.09824306e-02]]

 [[-1.49192736e-01 -3.11168730e-01 -5.42494990e-02]
  [-7.62158185e-02 -2.49374494e-01 -1.86241176e-02]
  [ 2.10686773e-02  5.36581166e-02 -5.32560796e-02]]

 [[-3.28393057e-02 -4.27247435e-02  2.03289259e-02]
  [ 2.31828943e-01 -3.38922501e-01  1.63786530e-01]
  [-8.43743887e-03 -1.02571659e-01  8.21349993e-02]]

 [[ 1.36309147e-01 -3.01407903e-01 -2.42399663e-01]
  [-1.01514310e-01 -3.50370318e-01 -2.80036218e-02]
  [-6.81714248e-03  1.12777939e-02  9.35757011e-02]]

 [[ 1.79303020e-01  1.08178174e-02  1.58520639e-01]
  [ 7.87206143e-02 -2.62670606e-01  8.33896101e-02]
  [ 2.91595273e-02 -2.87032366e-01  7.47567415e-02]]

 [[-7.92428758e-03  9.54538807e-02 -1.00556225e-01]
  [ 4.69645672e-02  5.68911672e-01  1.03561066e-01]
  [ 1.26608578e-03 -9.07730982e-02 -1.35647863e-01]]

 [[-6.89130723e-02 -4.19026949e-02 -2.72951275e-03]
  [ 8.46907496e-05  2.64496535e-01  6.07812479e-02]
  [-4.56629917e-02 -1.33479133e-01 -1.56338662e-01]]

 [[ 2.21186858e-02  1.64816335e-01 -1.28267139e-01]
  [-5.67965209e-02  7.12940991e-02 -9.76618938e-03]
  [ 4.84452397e-02  1.08433596e-04 -1.13017462e-01]]

 [[-2.39518091e-01 -2.08164886e-01  4.40008231e-02]
  [-3.91018279e-02 -5.88601589e-01 -2.93881863e-01]
  [ 1.51118229e-03 -1.76019549e-01 -2.80381918e-01]]][[[-1.56010995e-02 -1.06823854e-02  8.27928856e-02]
  [ 1.54361269e-02 -4.22796868e-02  2.29899198e-01]
  [ 3.25013280e-01  3.64291370e-02  1.91838652e-01]]

 [[-3.39212716e-01 -1.41310304e-01 -2.41787583e-01]
  [-1.48681536e-01 -2.32862264e-01 -1.25260353e-01]
  [-5.83058409e-02  2.58401837e-02 -2.12480024e-01]]

 [[-7.05447644e-02  3.19929328e-03 -6.15256839e-02]
  [-7.11873025e-02  3.63994157e-04 -1.01648010e-01]
  [-1.40032098e-01  1.46931827e-01  3.54533903e-02]]

 [[-3.07152659e-01 -7.80901387e-02 -4.85160761e-02]
  [ 1.16742095e-02  6.43764734e-02  1.42653450e-01]
  [ 1.50445357e-01  2.37523895e-02 -6.70539215e-02]]

 [[ 1.04777217e-01  1.89929187e-01  1.29522994e-01]
  [-2.70590633e-02  5.73775135e-02  1.09890826e-01]
  [ 1.20502524e-01 -1.55059546e-01 -5.16448207e-02]]

 [[-3.59537713e-02  4.07310277e-02 -4.84595560e-02]
  [ 4.95725535e-02  2.57423997e-01  5.99667504e-02]
  [ 1.32546527e-02 -8.48108903e-02  4.33737375e-02]]

 [[-3.44527036e-01  9.80335325e-02 -2.42333580e-03]
  [ 9.09614787e-02 -1.25219762e-01 -7.87202045e-02]
  [ 1.46920308e-01  1.52960107e-01  1.38667271e-01]]

 [[ 4.11170581e-03 -1.23355895e-01 -3.21988598e-03]
  [-3.64411056e-01 -2.86275268e-01 -1.23498134e-01]
  [-1.55261442e-01  6.07010871e-02  1.36379361e-01]]

 [[ 6.70688925e-04  1.32407114e-01 -1.16342120e-02]
  [ 1.64999422e-02 -4.98310514e-02 -3.52164842e-02]
  [-8.89812931e-02 -4.82768305e-02 -8.13184828e-02]]

 [[ 9.31841061e-02 -1.10858954e-01 -7.01640472e-02]
  [-1.42379478e-01 -1.44281045e-01 -1.52972624e-01]
  [ 1.89881235e-01  1.70721605e-01 -1.65144131e-01]]

 [[ 3.57850045e-01 -4.97211032e-02  6.74188212e-02]
  [-2.34849229e-01  9.20590684e-02 -7.75470957e-02]
  [-1.27414286e-01 -1.14115015e-01 -5.61237298e-02]]

 [[-1.68980762e-01 -1.07558914e-01 -9.11125094e-02]
  [-1.30954236e-01 -1.59356683e-01 -2.63344616e-01]
  [-1.15085810e-01 -7.89678618e-02  6.53113425e-02]]

 [[-1.07613266e-01 -1.38669804e-01  4.11931463e-02]
  [-1.60025999e-01 -2.27442548e-01 -2.27364257e-01]
  [ 1.49717275e-02  1.32150441e-01  1.19462505e-01]]

 [[-7.31923655e-02  1.57417245e-02 -3.07994019e-02]
  [ 5.26379421e-02  4.48554382e-02  5.99813610e-02]
  [ 4.40884307e-02 -1.37222754e-02 -2.41548330e-01]]

 [[-1.55671984e-01  6.78642467e-03  5.81462383e-02]
  [ 4.89565469e-02 -1.05291978e-01 -7.31800348e-02]
  [ 2.17629462e-01 -2.09562212e-01 -1.90261483e-01]]

 [[-1.95942670e-02 -9.21059176e-02  4.52747978e-02]
  [-5.11102974e-02 -8.59022886e-02 -8.12108889e-02]
  [-1.69314161e-01  9.88750383e-02 -1.15294568e-02]]

 [[-8.53788778e-02  5.38116954e-02  1.49828359e-01]
  [ 7.84020126e-02  1.41107678e-01 -6.76203370e-02]
  [ 7.57825077e-02 -9.80098024e-02 -2.80090839e-01]]

 [[-2.70129949e-01 -2.58278877e-01 -2.23773882e-01]
  [-6.28230795e-02 -5.41950110e-03 -1.36723235e-01]
  [-3.68290730e-02 -1.49843901e-01 -8.28586593e-02]]

 [[-6.38128817e-02  9.75869298e-02  9.61215347e-02]
  [ 1.89365428e-02 -7.16664940e-02 -1.95333604e-02]
  [ 2.03087274e-02 -1.86918855e-01 -1.15340903e-01]]

 [[-2.64549434e-01 -1.47683278e-01  1.52322784e-01]
  [ 3.31789488e-03  2.44883113e-02 -6.08724132e-02]
  [-1.52675365e-03  1.51874647e-01 -1.02676339e-01]]

 [[-1.85705230e-01 -3.24275047e-01 -2.13585392e-01]
  [-1.58856288e-02  1.74110904e-02  5.80478273e-02]
  [-2.12909700e-03 -5.93723878e-02 -5.05647138e-02]]

 [[-3.07147712e-01 -1.99261621e-01 -1.00128196e-01]
  [-1.86625928e-01 -1.60610288e-01 -1.23653486e-01]
  [-1.81178316e-01 -1.32083893e-01  2.61072582e-03]]

 [[ 2.40317091e-01 -1.37369618e-01  9.20819864e-03]
  [-1.15161948e-01  2.80013271e-02 -5.75104058e-02]
  [-1.75842121e-01 -1.44289419e-01 -5.35201281e-02]]

 [[ 8.43287185e-02 -1.20005213e-01 -1.70985892e-01]
  [-2.66690999e-02 -7.28940517e-02 -4.17786837e-03]
  [-1.77115649e-01 -6.41636476e-02 -7.26482645e-02]]

 [[ 2.69685294e-02  1.52500555e-01  8.21443796e-02]
  [ 1.51434526e-01  5.13021126e-02 -2.94684172e-01]
  [-2.55624168e-02 -8.09348151e-02  3.86300534e-02]]

 [[-2.58421957e-01 -6.99946880e-02 -8.68787095e-02]
  [-1.26108900e-01 -1.62445202e-01 -3.54076102e-02]
  [ 2.36273669e-02 -1.11929491e-01  2.36209389e-02]]

 [[-3.76201309e-02 -1.21268027e-01  8.75878036e-02]
  [-3.68607752e-02 -5.14341407e-02 -2.65568905e-02]
  [ 4.80225608e-02  3.03452108e-02 -3.72838974e-01]]

 [[ 4.88208905e-02  1.16570458e-01 -9.96683314e-02]
  [ 8.42250139e-02 -3.51959467e-02  6.23338632e-02]
  [ 4.24977206e-02  7.69202039e-02  1.62627444e-01]]

 [[ 1.25024486e-02 -1.19254090e-01  1.04972333e-01]
  [-3.08993477e-02 -1.07727818e-01 -4.64737937e-02]
  [-4.20333520e-02  3.33208367e-02  1.68018356e-01]]

 [[ 1.01375222e-01 -4.96945493e-02 -5.86202145e-02]
  [-6.48462027e-02 -1.72767956e-02 -2.14183796e-02]
  [-1.32744491e-01  1.30137224e-02 -1.55143112e-01]]

 [[-1.38821781e-01 -9.55768675e-02  7.37475008e-02]
  [-1.31407782e-01 -9.65573490e-02 -7.17737712e-03]
  [-1.14922021e-02  9.92200375e-02 -9.86695588e-02]]

 [[ 1.44293398e-01  1.86640583e-02  9.78493504e-03]
  [-5.77302352e-02 -1.21466115e-01 -5.89626618e-02]
  [-2.18002513e-01 -1.18276685e-01 -6.73519149e-02]]][[[ 0.14424002 -0.03625449  0.32130438]
  [-0.01662754  0.18747146  0.20650142]
  [-0.25968936 -0.09387404 -0.38261273]]

 [[ 0.21046624 -0.01868131 -0.03649374]
  [ 0.10388742 -0.06352042  0.01486369]
  [-0.11270962 -0.17578627 -0.00232168]]

 [[-0.06508315 -0.16647376 -0.39664102]
  [-0.01790481  0.07202095  0.06201403]
  [ 0.0205922   0.30458388 -0.13660386]]

 [[ 0.10742582  0.20940311 -0.23111574]
  [ 0.05492939  0.09799813  0.04318747]
  [-0.00665067  0.05943427 -0.11963145]]

 [[ 0.06117507  0.01124692  0.08892391]
  [ 0.02742263 -0.07340585 -0.13828825]
  [ 0.23635924  0.17542058 -0.10210152]]

 [[-0.04691036 -0.03446146  0.03909419]
  [ 0.00600504 -0.1283606  -0.21178265]
  [-0.21646343 -0.42865089 -0.35661945]]

 [[ 0.1167397   0.04928825 -0.01068719]
  [-0.15772952  0.12837991 -0.04195579]
  [-0.32196876 -0.16515577 -0.23480292]]

 [[-0.04522535  0.30487037  0.12350582]
  [-0.24635647  0.047628    0.21160533]
  [-0.27449992 -0.2167471  -0.28303501]]

 [[-0.11040282 -0.15876694 -0.37151268]
  [-0.00120269  0.01387246  0.01910216]
  [-0.09941131  0.04877429 -0.06722607]]

 [[ 0.10382449 -0.11770988 -0.31957713]
  [ 0.29548803  0.0275904  -0.32035664]
  [-0.14360212  0.14027931  0.01427635]]

 [[ 0.08953907 -0.16576259 -0.15972575]
  [ 0.25144601 -0.16403712 -0.2007875 ]
  [-0.31192064 -0.15901931 -0.51361483]]

 [[ 0.0406876  -0.13546281  0.05374354]
  [ 0.35304058  0.10596664  0.43927777]
  [ 0.00201004 -0.10548098  0.11078801]]

 [[ 0.09504808 -0.02065849  0.08557377]
  [ 0.10087335  0.06496169  0.29844502]
  [-0.10356777 -0.03875611 -0.0233117 ]]

 [[ 0.03519783 -0.05622296 -0.0725439 ]
  [ 0.12367275 -0.00745868  0.26008081]
  [-0.00379903 -0.01382383  0.03424627]]

 [[ 0.04336873 -0.10208531 -0.01841008]
  [-0.2102633  -0.0470473  -0.47065193]
  [-0.04427719 -0.04391736 -0.23234712]]

 [[ 0.15133533 -0.03589877  0.09022593]
  [ 0.28177038  0.18147156  0.29604351]
  [-0.14762255 -0.12321691  0.03917422]]

 [[-0.14521843 -0.10711842 -0.16730148]
  [-0.00427739  0.0172527  -0.03043374]
  [-0.06131473 -0.03447677  0.00053021]]

 [[-0.0042873   0.17532618 -0.19504556]
  [ 0.0414653  -0.07960395 -0.08027029]
  [-0.05368179 -0.35592809 -0.02586607]]

 [[ 0.09151398  0.04248034 -0.30104974]
  [-0.19543421  0.26538613 -0.07865745]
  [ 0.21541309 -0.00666623  0.05866403]]

 [[-0.11843988 -0.02632153 -0.02718513]
  [ 0.14074968 -0.0573185   0.07812216]
  [-0.0744003  -0.13218856 -0.13869789]]

 [[-0.16242939  0.10050649  0.40449864]
  [-0.13109752 -0.13035838 -0.02737104]
  [-0.21067432  0.15297493 -0.22837537]]

 [[ 0.07264481 -0.06389645 -0.02437745]
  [-0.12348453  0.07490274 -0.13087416]
  [-0.08089058 -0.11880381  0.03460136]]

 [[-0.03040873 -0.02916856 -0.0747204 ]
  [-0.02439151 -0.09329741 -0.09998924]
  [-0.1228156   0.01210996 -0.13276315]]

 [[ 0.05581658 -0.04984767 -0.20806149]
  [-0.19119556  0.16356818 -0.16789757]
  [ 0.02852289 -0.17374526  0.13397457]]

 [[ 0.07038492 -0.15417318  0.04194995]
  [-0.12898156 -0.10376202 -0.1968458 ]
  [-0.16520406 -0.29812863 -0.33112711]]

 [[-0.01696867 -0.01108618  0.07327339]
  [-0.33851716  0.28191569 -0.09126351]
  [ 0.35287753  0.02630811  0.19595694]]

 [[ 0.00330646 -0.01986657 -0.08620268]
  [-0.22241817 -0.25983456  0.12215701]
  [-0.14122389  0.06847426  0.20459431]]

 [[-0.01147511 -0.10846686 -0.10023585]
  [-0.04879798 -0.03464971 -0.01604816]
  [-0.03619656  0.05229447 -0.00820991]]

 [[-0.04289351 -0.0641998  -0.14357102]
  [ 0.03459846  0.06519564  0.0782892 ]
  [-0.14234602 -0.22950694 -0.11896799]]

 [[ 0.01893454  0.08388583 -0.12024639]
  [ 0.13950457 -0.06724933  0.18851082]
  [-0.09557061 -0.28691074 -0.33068374]]

 [[ 0.05779179  0.1863104  -0.1096625 ]
  [ 0.02121826 -0.0627993  -0.1469253 ]
  [ 0.03501233 -0.05936481  0.05124103]]

 [[-0.05961807  0.04683639 -0.14244975]
  [ 0.31715328 -0.09919403 -0.24810527]
  [-0.11522012  0.17371795 -0.17060214]]][[[-0.1094775  -0.06037903 -0.08982371]
  [ 0.04457919  0.10275488 -0.07693375]
  [ 0.05668296 -0.22793943 -0.13161238]]

 [[-0.04814955 -0.031131    0.2355537 ]
  [ 0.09617797  0.13502862  0.03251224]
  [-0.06963968 -0.03764597 -0.06529596]]

 [[ 0.16701201 -0.14152135 -0.1376099 ]
  [ 0.09980511  0.0450441   0.07271599]
  [ 0.12817174 -0.18259303 -0.24460597]]

 [[-0.03956435  0.04092985  0.06068924]
  [ 0.230544    0.071107    0.05284818]
  [-0.13401239 -0.11845042  0.04855616]]

 [[ 0.08024155 -0.08770502 -0.24651346]
  [-0.14496709 -0.14316502  0.2776686 ]
  [ 0.20621967  0.08227372 -0.05900049]]

 [[ 0.09715894 -0.16233747 -0.13585556]
  [-0.17735608 -0.18644314 -0.19515027]
  [-0.16858636  0.0902828   0.12186369]]

 [[-0.07636596 -0.01128851  0.01400523]
  [-0.07651286 -0.07473138  0.01252668]
  [-0.09162349 -0.24826342 -0.00263034]]

 [[-0.15130642 -0.12893689  0.17536154]
  [ 0.15423915  0.46731943 -0.16882621]
  [ 0.06524318  0.0092271  -0.01684225]]

 [[-0.12259644 -0.27838296 -0.18561994]
  [-0.10317583 -0.26603162 -0.15621783]
  [-0.3643086  -0.27364546 -0.13685599]]

 [[-0.02366876 -0.0487882   0.03039234]
  [-0.06340706 -0.05326327  0.12817565]
  [-0.0430618  -0.13365556 -0.26425731]]

 [[ 0.11809011  0.28990689 -0.06150157]
  [ 0.22173847  0.10438577  0.00486289]
  [ 0.02140974 -0.13505259 -0.20411286]]

 [[-0.00861526 -0.38059551  0.11505   ]
  [-0.03155746  0.15536414  0.07131247]
  [-0.06660151  0.01692909 -0.04851678]]

 [[-0.27820721 -0.07084207  0.10631479]
  [-0.05798444  0.24271658  0.09246312]
  [ 0.2098756   0.2561748  -0.13171072]]

 [[ 0.23001166  0.08268703 -0.06163821]
  [ 0.01137907 -0.08412596 -0.10130466]
  [-0.0920724  -0.15379114 -0.01777858]]

 [[-0.03121535  0.01446606 -0.07144177]
  [-0.15709676 -0.00127469 -0.17800264]
  [ 0.0079112   0.0268748  -0.23231116]]

 [[ 0.02507909 -0.29369429 -0.14306989]
  [ 0.10169873  0.16276182  0.16889311]
  [-0.00447633 -0.0847823   0.04189502]]

 [[-0.02303329 -0.02735559 -0.03176419]
  [-0.15323956 -0.04401774  0.10140844]
  [-0.17307287 -0.0068749   0.07751717]]

 [[-0.14929536 -0.06287648 -0.08033824]
  [-0.01460716 -0.10246489 -0.03474325]
  [ 0.02773762  0.07832841 -0.06441299]]

 [[ 0.25875303 -0.03877949 -0.07561111]
  [-0.13625665 -0.25953335 -0.16162267]
  [-0.31188965 -0.10630252  0.02054009]]

 [[-0.07316411 -0.1039298  -0.13822193]
  [-0.05768611  0.01951265 -0.03021238]
  [-0.01237671 -0.07050405 -0.15145701]]

 [[ 0.08215181 -0.01330735  0.40082783]
  [-0.05478348  0.14102638  0.01798594]
  [ 0.06810765  0.02366882 -0.15449353]]

 [[-0.30100972 -0.13117522 -0.50299627]
  [-0.18870133 -0.01922105  0.32932591]
  [-0.02288542 -0.06005803 -0.11669201]]

 [[-0.37307739 -0.09675147 -0.08089679]
  [-0.39545313 -0.30832925 -0.18900698]
  [-0.059383   -0.06155827  0.10652909]]

 [[ 0.04016047 -0.10164499 -0.06584527]
  [ 0.07053836 -0.05723663 -0.04344865]
  [-0.07881698 -0.17898638 -0.06320894]]

 [[-0.0715092   0.12603649  0.1599893 ]
  [ 0.05832549  0.10495289 -0.02253354]
  [ 0.10452878  0.14169374 -0.19539617]]

 [[ 0.10806306  0.08746527 -0.44372013]
  [ 0.15324768 -0.01567176  0.1144168 ]
  [ 0.07118893  0.00961835  0.05007625]]

 [[ 0.11834437  0.00471381 -0.15896632]
  [-0.04160956  0.08119097 -0.02527642]
  [-0.07818156 -0.07177132 -0.09061259]]

 [[-0.11369236  0.20589156  0.36044854]
  [ 0.30468252  0.13777764 -0.34325093]
  [ 0.08604734 -0.13550979 -0.54242617]]

 [[ 0.18741798 -0.05438049 -0.03703247]
  [-0.1120493   0.02178555 -0.1093995 ]
  [ 0.00603992  0.18940476 -0.06116036]]

 [[-0.113842   -0.06099421 -0.09965105]
  [-0.25592324 -0.19252397 -0.13913391]
  [-0.12013836 -0.19333072  0.11806862]]

 [[-0.19115797 -0.10084643  0.00339395]
  [-0.18847021  0.04420353 -0.21051852]
  [-0.11551452  0.13258171  0.12878683]]

 [[-0.57944155  0.03122226  0.33951801]
  [ 0.17674469 -0.19003789  0.37488586]
  [-0.27591649 -0.49728003 -0.11299741]]][[[ 0.05883866 -0.22505163  0.12875344]
  [-0.03756282 -0.27503911 -0.0928163 ]
  [ 0.21050854 -0.06117754  0.08510254]]

 [[-0.05639618  0.02326578 -0.0338049 ]
  [ 0.14527273 -0.24477746 -0.17816487]
  [ 0.11363247 -0.11023542 -0.24339199]]

 [[-0.16473034  0.10714759  0.08493572]
  [ 0.14862914 -0.0896894  -0.00161459]
  [-0.29345816 -0.12790403  0.09305581]]

 [[-0.31345451  0.14781997  0.01571677]
  [-0.00459223  0.0553483   0.09350868]
  [-0.01675772  0.02526325 -0.05396576]]

 [[-0.01579951  0.07278194  0.138751  ]
  [ 0.00088997  0.03703114  0.06839214]
  [-0.18892717 -0.04346412  0.18825011]]

 [[ 0.16483377  0.05074254 -0.05148922]
  [-0.32620937  0.20545585  0.08402737]
  [-0.5607329   0.00203544 -0.07486706]]

 [[-0.07235981 -0.01247609  0.00072671]
  [ 0.18188757  0.04642197 -0.06525683]
  [ 0.13962194  0.1321281   0.11277349]]

 [[ 0.17870158 -0.32128739 -0.20562035]
  [-0.17856744  0.18824862 -0.00870162]
  [ 0.10465641  0.32772258  0.12203266]]

 [[-0.44016388 -0.22472641 -0.00100915]
  [-0.07743827 -0.13470027 -0.01718757]
  [-0.14562355 -0.17640872  0.02063101]]

 [[-0.04339272 -0.34858045 -0.09896074]
  [-0.1354994  -0.1948781   0.07332401]
  [-0.34228864  0.21455577 -0.08018489]]

 [[-0.03505423 -0.15423815 -0.13079649]
  [ 0.16671908  0.19327819  0.17487898]
  [-0.10021276  0.13207702 -0.09483156]]

 [[-0.07951871 -0.04643206  0.09687159]
  [ 0.05380688 -0.07570167  0.12547006]
  [-0.13301721  0.11985514  0.0497068 ]]

 [[-0.0055226   0.20112534  0.06450119]
  [-0.2525036   0.01690614  0.01540122]
  [ 0.0140156   0.15808959  0.06331546]]

 [[-0.07323051  0.12687361 -0.06097536]
  [ 0.06684648 -0.03036463 -0.00385113]
  [-0.18406676 -0.03917813  0.07147839]]

 [[-0.21090206  0.0195839  -0.09195488]
  [ 0.05129946 -0.25016326 -0.1866941 ]
  [ 0.04530045 -0.06533252 -0.2893182 ]]

 [[ 0.23406437 -0.15521236 -0.21132873]
  [ 0.09509466 -0.05895286 -0.24739853]
  [ 0.13960865 -0.08337831  0.19389401]]

 [[ 0.04305173  0.14317398 -0.11728756]
  [-0.05457006 -0.04151734  0.00554641]
  [-0.28454485 -0.08530446  0.00684947]]

 [[-0.35948265  0.06516655  0.07775915]
  [ 0.03452622 -0.01682005 -0.0490708 ]
  [-0.1121452  -0.00555705  0.04285716]]

 [[-0.00165488 -0.0063576  -0.01329149]
  [ 0.05154157 -0.14090645 -0.04436485]
  [-0.27140635 -0.1265723  -0.10584474]]

 [[-0.06044677  0.0625681  -0.08546048]
  [ 0.14011432  0.01060871 -0.13359718]
  [ 0.1349917   0.19549286  0.04541797]]

 [[-0.33599669  0.33721939 -0.0687802 ]
  [-0.0671877  -0.13386351  0.13881786]
  [-0.07500267 -0.25742644 -0.11586168]]

 [[-0.19770345  0.60863352 -0.02510352]
  [ 0.26046714 -0.37655196  0.24822907]
  [ 0.05238852 -0.11007564  0.01987515]]

 [[ 0.18667719  0.0696596   0.08201405]
  [-0.02079779 -0.1443821  -0.04260261]
  [-0.29981762  0.18022819 -0.01471816]]

 [[ 0.06887726  0.00507291 -0.04037035]
  [ 0.09853339 -0.11350396 -0.0904479 ]
  [ 0.04854659 -0.15859252 -0.1068564 ]]

 [[-0.09057305  0.04384051 -0.19734789]
  [ 0.00531417 -0.08014759 -0.07838956]
  [ 0.02818642  0.15582289 -0.04314597]]

 [[-0.09780454  0.00251187  0.07521099]
  [-0.12653022 -0.31187356 -0.09053012]
  [-0.31002587 -0.14377989 -0.10305483]]

 [[-0.00406197 -0.15072936 -0.10170753]
  [-0.01951318 -0.20451778 -0.17036155]
  [ 0.33991322 -0.10819361 -0.18768308]]

 [[ 0.02370187  0.08606184 -0.08161286]
  [-0.11525164 -0.06982087 -0.28146276]
  [ 0.12156463 -0.10981858 -0.39818647]]

 [[-0.02813459  0.02130801  0.13597712]
  [-0.03591492  0.02314896 -0.00934772]
  [-0.17129908 -0.0258831   0.09770716]]

 [[-0.12696871  0.02188712 -0.1955981 ]
  [-0.16119045  0.07995712  0.0011797 ]
  [-0.39450496 -0.02023161  0.03572812]]

 [[ 0.16062316  0.01704524  0.0520644 ]
  [-0.12501477  0.03341959  0.12120396]
  [ 0.01311955  0.10324626  0.01765527]]

 [[-0.0804695  -0.10826576  0.26434577]
  [ 0.39536244 -0.29964453 -0.17918529]
  [ 0.08177859 -0.04753619  0.07184304]]][[[ 0.53461105  0.1435066  -0.02735489]
  [ 0.15262534  0.37003368  0.08525683]
  [-0.31824359  0.34363699  0.20472992]]

 [[-0.24404311  0.10072478  0.155801  ]
  [-0.16213031 -0.1879044   0.03863151]
  [-0.5879001   0.00120981 -0.07544709]]

 [[ 0.0619979  -0.2038563   0.03997481]
  [ 0.19760953  0.00533549 -0.07852095]
  [ 0.13074562  0.09429529 -0.11568148]]

 [[-0.04099052  0.07598218 -0.17547359]
  [ 0.10571301  0.00704647 -0.11952497]
  [ 0.3090491  -0.04622877 -0.00456135]]

 [[ 0.10824262 -0.15251926  0.00776699]
  [ 0.25523651 -0.05540214 -0.06955686]
  [-0.50805587 -0.06794167 -0.07142702]]

 [[ 0.00565688  0.03531565  0.00975004]
  [-0.00199475 -0.21930595  0.00802749]
  [ 0.02658973 -0.16109295 -0.09948032]]

 [[-0.08076166  0.02542612 -0.12083437]
  [-0.32999888 -0.11224229 -0.16328384]
  [-0.10485482  0.03237778 -0.12397891]]

 [[-0.18996416  0.09080683  0.01731412]
  [-0.13858187  0.2686483  -0.1569428 ]
  [-0.35358    -0.43805865 -0.13064314]]

 [[-0.00186093  0.08720284 -0.06179207]
  [-0.05674978  0.11756518 -0.01464666]
  [-0.06519026  0.00207398  0.04544587]]

 [[ 0.02436778  0.05512914  0.03922785]
  [-0.03063399  0.20792273  0.05691757]
  [-0.12835669 -0.14708747  0.04960971]]

 [[ 0.05891319  0.00323348 -0.14052169]
  [-0.12449572  0.00564705 -0.0853653 ]
  [-0.32408676  0.03845276  0.21978223]]

 [[ 0.06160245 -0.07559979 -0.14331885]
  [ 0.10299024  0.0607909   0.06255295]
  [-0.30506241  0.22164309  0.00890632]]

 [[-0.06794729  0.00778126 -0.05799156]
  [-0.33261639 -0.12583078 -0.045492  ]
  [-0.17239796 -0.1948721  -0.10977743]]

 [[ 0.12013822 -0.01860865 -0.1358382 ]
  [-0.13677302 -0.03578817 -0.10562335]
  [-0.07478214 -0.10254625  0.00569736]]

 [[ 0.03613767  0.03900303  0.02342254]
  [-0.29585317 -0.03657294  0.12897913]
  [-0.06546012 -0.10931847 -0.09553547]]

 [[ 0.07462405 -0.07159347  0.00386783]
  [ 0.06581759  0.08635087  0.01777162]
  [-0.03464335  0.00866134 -0.02686374]]

 [[-0.09407984 -0.07148954  0.01888949]
  [ 0.06928779 -0.1261341  -0.01873977]
  [-0.01388557  0.01258045 -0.0447034 ]]

 [[-0.01769958 -0.19349004 -0.28952238]
  [ 0.030942   -0.09727935 -0.06734408]
  [ 0.16052051  0.10199621  0.01591108]]

 [[-0.18463892 -0.06072288 -0.0269168 ]
  [-0.20574664  0.02823344  0.04906901]
  [-0.02659233  0.06157923 -0.16031681]]

 [[-0.09910193 -0.02263536 -0.14697076]
  [-0.08983263 -0.31066987 -0.09528131]
  [-0.07905894 -0.0570104  -0.10317448]]

 [[ 0.08955602  0.02084344  0.07742399]
  [ 0.14459154 -0.03084978  0.20739602]
  [-0.33020213 -0.17413124 -0.02697082]]

 [[-0.06997183 -0.01474055 -0.01032893]
  [-0.12600955  0.05286229  0.0958409 ]
  [-0.13679208  0.14507528 -0.03624885]]

 [[-0.19935292  0.02108225 -0.05629118]
  [-0.21306354 -0.15652514  0.00327353]
  [-0.01917871  0.00259396 -0.04833814]]

 [[ 0.04338697 -0.08577041  0.00817413]
  [-0.07398078  0.00780479  0.02032535]
  [-0.3772665  -0.07542323 -0.20580885]]

 [[ 0.10014459  0.05077076 -0.15291081]
  [ 0.03135853 -0.05573418 -0.06772518]
  [-0.09914273 -0.08228934 -0.01621877]]

 [[-0.10204326  0.0908602  -0.0750227 ]
  [-0.17770781  0.02268962 -0.048675  ]
  [-0.1361344   0.08764552 -0.05103645]]

 [[-0.20341451  0.05007602  0.11871344]
  [-0.38400662 -0.08105144 -0.02920982]
  [-0.09176515 -0.02879999  0.04498047]]

 [[-0.11311609 -0.02925654 -0.20879759]
  [-0.26835966  0.08227091 -0.06508536]
  [-0.47593951 -0.06272615  0.17950074]]

 [[-0.04956459 -0.11809877 -0.34624785]
  [-0.00895554 -0.03286099 -0.26821715]
  [-0.04408753  0.08935679 -0.06710428]]

 [[ 0.00137404 -0.17285597 -0.13382178]
  [-0.07720006 -0.15612204 -0.04913663]
  [ 0.09761432  0.01578439  0.07444493]]

 [[-0.18866815 -0.24583052 -0.10745395]
  [-0.27709213 -0.17697235 -0.02937214]
  [-0.07393607 -0.09621473 -0.02802395]]

 [[ 0.14695045  0.14163552 -0.0255298 ]
  [-0.2899996   0.15517478 -0.00319824]
  [ 0.01501681 -0.17008741  0.12949157]]][[[-1.01538844e-01  2.50582337e-01  9.45698246e-02]
  [-2.49050722e-01 -3.13681692e-01 -3.51737589e-01]
  [ 1.24925643e-01  1.33236974e-01  1.32682621e-01]]

 [[-2.17783928e-01 -1.30470514e-01 -2.78731406e-01]
  [-1.36214241e-01  7.89970160e-02 -7.82970935e-02]
  [-5.82506880e-02  5.88213131e-02  7.60244653e-02]]

 [[ 1.70341626e-01  6.62423894e-02 -3.87827754e-01]
  [-1.82140425e-01  7.87966624e-02 -4.17498238e-02]
  [ 2.15286687e-01  5.47982343e-02 -3.53511074e-03]]

 [[ 5.64719103e-02  1.09827161e-01  4.52287272e-02]
  [-4.58649099e-02  1.07905217e-01  3.47049564e-01]
  [-2.90168613e-01 -5.94260953e-02  2.93600976e-01]]

 [[ 2.45891109e-01  1.62629604e-01  2.16650784e-01]
  [ 2.17142910e-01  2.11048067e-01 -9.06132087e-02]
  [ 1.25591680e-01  8.68587270e-02 -3.39275479e-01]]

 [[ 3.89668435e-01  6.14552014e-02 -3.34899992e-01]
  [-2.42657363e-01 -6.22971058e-02 -3.59098732e-01]
  [ 1.72203165e-02 -3.25756669e-02 -1.06164716e-01]]

 [[ 5.16459197e-02 -6.41983598e-02  4.99741845e-02]
  [ 9.06291455e-02 -1.64144784e-01  2.01119762e-02]
  [-5.37751317e-02 -3.27703953e-02 -7.05589429e-02]]

 [[ 2.29754791e-01  2.08403915e-01 -1.45401433e-01]
  [-1.48231140e-03  2.11048931e-01  2.30953768e-01]
  [-1.17469162e-01  7.76935667e-02  1.55759528e-01]]

 [[-1.32386517e-02 -2.77155340e-01 -2.23334119e-01]
  [ 5.69951460e-02  9.24578533e-02 -2.91160673e-01]
  [ 1.28977820e-01  1.75773293e-01 -1.21895909e-01]]

 [[-7.72635192e-02 -2.80755997e-01  1.68752924e-01]
  [ 6.50297925e-02 -2.42652223e-01 -9.89881903e-03]
  [ 2.15125203e-01  1.77986607e-01  1.06221912e-02]]

 [[ 4.01413679e-01  6.56390712e-02  1.01462893e-01]
  [-1.64709806e-01  3.42218056e-02  4.71544527e-02]
  [-1.57838598e-01 -2.14722082e-01 -3.87268811e-01]]

 [[-1.56874791e-01 -7.35966444e-01 -5.94068587e-01]
  [-1.59641519e-01 -1.08933523e-01 -9.17059630e-02]
  [-5.13291135e-02 -2.00144231e-01 -3.19349654e-02]]

 [[ 3.85964774e-02 -2.10165128e-01 -1.90538704e-01]
  [ 7.20670372e-02 -2.55210429e-01  1.04547888e-02]
  [ 8.04699957e-02 -8.87826830e-02 -5.34979366e-02]]

 [[ 3.69431525e-02 -5.30853085e-02  6.18236773e-02]
  [ 3.91426263e-03  7.11130351e-02  9.35609918e-03]
  [ 5.97571731e-02 -1.94005221e-01 -1.04578890e-01]]

 [[-2.00140536e-01 -3.05782676e-01 -3.22608650e-01]
  [-1.08666740e-01 -2.19830900e-01 -4.23059672e-01]
  [-2.56069899e-01  9.93560418e-04 -2.62163639e-01]]

 [[-7.29389191e-02 -2.48351485e-01  3.43104564e-02]
  [ 6.71428367e-02 -2.32979745e-01 -2.20714822e-01]
  [ 9.40411538e-02  2.46708736e-01  4.46005426e-02]]

 [[ 2.84739621e-02  8.73938143e-01  5.75211905e-02]
  [-1.80645183e-01  2.32916206e-01 -1.07624680e-02]
  [-4.50375676e-01 -6.30651414e-02 -1.62499145e-01]]

 [[ 3.84875499e-02  1.46416903e-01  1.72673538e-02]
  [ 8.59071463e-02 -2.83767104e-01 -1.50903225e-01]
  [ 1.73895042e-02  6.89001307e-02  9.71075073e-02]]

 [[ 4.37775776e-02 -3.81885290e-01 -3.90258759e-01]
  [ 2.63118260e-02 -1.30120859e-01 -3.08381587e-01]
  [ 1.22074887e-01  2.83798128e-01  1.17285945e-01]]

 [[-1.40072823e-01 -1.49231821e-01 -2.97021240e-01]
  [-6.28254935e-02 -3.54536235e-01  2.46010870e-02]
  [-1.54178321e-01 -2.78970122e-01  1.88504066e-02]]

 [[ 7.18690008e-02  1.99922159e-01  3.24970111e-02]
  [-3.12643200e-02  1.09728411e-01 -2.19027638e-01]
  [-6.17529862e-02 -2.52053067e-02 -2.38607809e-01]]

 [[-3.39294150e-02  7.85067603e-02  2.36937612e-01]
  [-1.90042362e-01  3.20636630e-02 -1.75821409e-01]
  [-6.59848657e-03 -6.82907999e-02  5.17893173e-02]]

 [[-1.13611780e-01  8.20331275e-02 -1.74396232e-01]
  [-8.77946522e-03 -1.87132537e-01  5.01320772e-02]
  [-4.12217565e-02  1.60668120e-02  2.48673350e-01]]

 [[-1.26528934e-01  1.41979021e-04 -2.59005755e-01]
  [ 8.37387796e-03 -8.32821131e-02 -2.15394273e-01]
  [ 8.47050548e-03 -5.17502055e-02 -1.83456779e-01]]

 [[-2.08419368e-01 -2.24499121e-01 -1.51465416e-01]
  [-1.71653107e-01 -2.16903716e-01 -2.53580570e-01]
  [-2.08816007e-01 -1.80169046e-01 -1.93033889e-01]]

 [[-1.73150852e-01 -1.81853287e-02 -9.69278887e-02]
  [ 5.27221933e-02 -1.96095463e-02  3.44875418e-02]
  [-4.50066254e-02 -4.22793217e-02 -1.28831059e-01]]

 [[-8.21373239e-02 -2.78323591e-01 -4.13212717e-01]
  [-1.25429392e-01  1.17084146e-01  4.93677929e-02]
  [-1.24155596e-01 -1.79733023e-01  2.52450835e-02]]

 [[ 2.48648897e-02 -1.79405615e-01  2.63612643e-02]
  [ 1.50847221e-02  3.98551077e-02 -4.90712784e-02]
  [-1.90040115e-02  1.65171012e-01  2.21398696e-02]]

 [[ 4.53431644e-02 -3.09858561e-01  1.91893101e-01]
  [ 2.93643191e-03  1.14077553e-01  9.60168988e-02]
  [-5.61243156e-03 -1.53756097e-01  9.53945294e-02]]

 [[-6.59036264e-02 -5.74282333e-02  1.03703357e-01]
  [-1.92072690e-01 -1.38983399e-01 -9.40967724e-02]
  [-3.90510298e-02 -1.89875200e-01 -1.97771952e-01]]

 [[ 6.71200529e-02 -2.15600487e-02 -6.29091263e-02]
  [-1.07136443e-01  5.47078475e-02  1.47118926e-01]
  [ 4.13196115e-03 -1.65409800e-02 -1.18946642e-01]]

 [[-3.32908273e-01 -1.63247630e-01 -3.47295702e-02]
  [-1.74335778e-01 -1.06941022e-01 -2.43637204e-01]
  [-6.58515319e-02 -3.37165259e-02 -3.21600080e-01]]][[[ 1.29631758e-01 -1.53363124e-01 -1.83808744e-01]
  [-2.13185661e-02 -2.13682950e-01 -4.43918377e-01]
  [ 1.01312019e-01 -1.23447841e-02  8.09127912e-02]]

 [[-5.05899340e-02  3.42436135e-02  1.91617887e-02]
  [-2.44981363e-01 -1.33716017e-01 -1.92468435e-01]
  [-3.51395816e-01  3.71837676e-01 -4.71077144e-01]]

 [[-1.81701884e-01 -1.56578850e-02  3.63331556e-01]
  [ 6.43016249e-02 -3.81710529e-02 -2.40492776e-01]
  [-2.31787309e-01 -2.62424886e-01 -2.23235771e-01]]

 [[-1.90546713e-03 -7.01446086e-02  1.14821725e-01]
  [ 9.58122686e-02  3.83506596e-01 -5.51575869e-02]
  [-1.70035049e-01  1.25377819e-01 -1.15060389e-01]]

 [[ 1.10117368e-01 -1.13771193e-01  2.41523474e-01]
  [-6.04814887e-02 -9.84178558e-02  1.64051801e-01]
  [ 3.73428047e-01  6.13338232e-01  3.18472922e-01]]

 [[-1.47671402e-02  1.01360552e-01 -9.23257619e-02]
  [ 1.70277461e-01  5.93413934e-02 -2.92578042e-01]
  [-7.65706226e-02 -2.01782614e-01  1.06079817e-01]]

 [[ 4.22613546e-02  2.31518298e-02  6.40463606e-02]
  [ 1.52000040e-01  1.11186855e-01 -3.72543465e-04]
  [-1.42942011e-01 -2.58372366e-01  4.31219526e-02]]

 [[-2.80061495e-02 -3.49008858e-01 -1.99523345e-01]
  [ 5.13620824e-02 -3.52436677e-02 -5.58282211e-02]
  [-9.21140537e-02 -4.54845220e-01 -9.73968729e-02]]

 [[ 1.41065121e-01 -8.45358893e-02 -7.17403814e-02]
  [-1.61993980e-01 -3.48918512e-03 -4.90836091e-02]
  [ 1.31850347e-01 -1.81943725e-03  1.45853311e-01]]

 [[ 1.63065061e-01 -1.59638096e-03  5.89793082e-03]
  [-2.10856907e-02 -1.39200732e-01  5.05914204e-02]
  [-4.84734252e-02 -1.04277447e-01 -3.09870750e-01]]

 [[-3.35131794e-01 -7.51257911e-02  3.70885916e-02]
  [-5.71893528e-02 -8.49151835e-02  3.49765643e-02]
  [-8.00083876e-02 -2.10517943e-01  2.86569327e-01]]

 [[ 6.45525828e-02  3.09740543e-01 -1.06144333e-02]
  [-1.71638772e-01 -1.11702867e-01 -4.43575472e-01]
  [ 7.94615373e-02  3.46171856e-01 -2.17928924e-03]]

 [[ 1.69042066e-01 -6.38385024e-03  1.47197649e-01]
  [-1.35459080e-01 -9.47878063e-02  4.15038988e-02]
  [ 2.27311477e-01  1.10149682e-01 -1.82214037e-01]]

 [[-4.86437157e-02 -1.20739318e-01  3.15731950e-02]
  [-1.48962259e-01 -1.17518686e-01 -3.26359197e-02]
  [ 1.76373720e-01  1.86164510e-02  1.29433706e-01]]

 [[ 1.00112423e-01 -2.52510421e-02  3.35817933e-02]
  [-1.59665510e-01 -6.77124932e-02 -8.88798684e-02]
  [-2.00719774e-01  1.41449213e-01 -1.95085749e-01]]

 [[-1.01645023e-01 -2.07597077e-01 -1.51656434e-01]
  [-2.41153970e-01 -4.99654971e-02  1.33932516e-01]
  [ 7.48239644e-03 -3.16447973e-01 -1.42796189e-01]]

 [[-1.96684450e-01 -8.86809900e-02  2.94945743e-02]
  [ 9.93287563e-02  2.76887883e-02 -2.61875391e-02]
  [-3.85384366e-04 -1.42678604e-01 -1.01231106e-01]]

 [[-1.16795097e-02 -1.30315617e-01  6.45871535e-02]
  [ 3.70249957e-01  7.26407990e-02  3.75172079e-01]
  [ 2.93603148e-02  3.45935151e-02  1.69975176e-01]]

 [[ 8.54222998e-02 -9.59569588e-03 -1.26794487e-01]
  [-1.47770703e-01 -3.48169319e-02 -2.56271392e-01]
  [-1.72833577e-01 -2.68393129e-01 -3.22758764e-01]]

 [[-1.74988676e-02 -3.22813094e-02 -7.84617197e-03]
  [-2.45811343e-02 -5.32823848e-03 -1.98445916e-01]
  [ 1.24149315e-01 -1.21536270e-01 -4.58008870e-02]]

 [[ 8.01656097e-02 -6.15757629e-02  4.49368963e-03]
  [-7.54071847e-02 -2.26837695e-01  5.81607036e-02]
  [ 3.92562568e-01  1.55182824e-01  1.08506277e-01]]

 [[ 3.19741249e-01 -1.86372370e-01  3.45418960e-01]
  [ 9.55303535e-02  6.14594528e-03 -1.00191869e-01]
  [-9.90059599e-02  1.30315155e-01 -5.56935854e-02]]

 [[-1.62726730e-01  3.61586027e-02 -1.05673447e-02]
  [ 1.17856160e-01 -2.84547091e-01 -1.17688805e-01]
  [-2.69311875e-01 -2.66561419e-01 -2.63800502e-01]]

 [[ 2.54399586e-03  8.88677500e-03 -3.14207934e-02]
  [-8.54104385e-02 -5.12961186e-02  9.72420350e-02]
  [-3.34746331e-01  1.00893997e-01 -1.90787569e-01]]

 [[ 1.79245889e-01  7.50963017e-02  1.04941234e-01]
  [-1.44987464e-01 -2.30982304e-01 -2.56633580e-01]
  [ 2.27089040e-02 -5.02688251e-03 -1.45557538e-01]]

 [[-2.02996001e-01 -3.14891636e-01 -6.16152622e-02]
  [-1.24354266e-01 -1.62761763e-01 -1.33263776e-02]
  [-4.31099012e-02  1.42773673e-01  5.58965169e-02]]

 [[-1.65824778e-02 -2.83292472e-01  1.44881755e-01]
  [-1.42554909e-01 -1.16924748e-01 -1.43548939e-03]
  [ 2.03047507e-02  1.84604496e-01 -3.71370792e-01]]

 [[ 1.35690216e-02  2.48010650e-01  1.57041494e-02]
  [-2.31793895e-02  1.30657211e-01 -1.91809684e-01]
  [-2.07481682e-01  3.97160619e-01 -5.05495429e-01]]

 [[-1.57728955e-01  7.93956518e-02  8.71144682e-02]
  [ 1.41346440e-01 -5.25762588e-02  1.21229693e-01]
  [ 5.84312994e-03 -1.80276424e-01  1.35726690e-01]]

 [[-3.15331519e-01  2.93160453e-02 -2.94917136e-01]
  [-2.05433547e-01 -1.79186072e-02 -6.77096397e-02]
  [ 3.62598091e-01 -3.76786999e-02  7.91943148e-02]]

 [[ 1.65159628e-01 -1.90193623e-01 -8.74939337e-02]
  [ 4.32907045e-02 -2.24426582e-01  1.07768655e-01]
  [-1.73006043e-01 -1.80160612e-01 -4.42241281e-02]]

 [[ 1.38260379e-01 -6.10687494e-01  1.47251830e-01]
  [-2.64532417e-02 -2.03366429e-01  4.44122665e-02]
  [-3.47874224e-01 -4.43093553e-02  1.55627690e-02]]][[[-1.10574655e-01  2.15400234e-01  3.10191326e-03]
  [ 1.80000946e-01  9.28611159e-02 -1.15527764e-01]
  [ 3.67267244e-02  1.63561031e-02 -2.93258011e-01]]

 [[-2.34284118e-01  3.25071245e-01 -7.34877139e-02]
  [-2.88141638e-01  3.30435276e-01 -5.28051816e-02]
  [-2.83255428e-02  3.62967849e-01 -3.09432387e-01]]

 [[-2.66385645e-01 -1.29187644e-01 -2.20915824e-01]
  [ 2.97066253e-02 -7.85358399e-02 -5.15891731e-01]
  [ 1.70117632e-01  4.90142033e-02 -2.17652768e-01]]

 [[-8.46967697e-02  1.04611017e-01  4.09881324e-02]
  [ 3.70512754e-02 -3.29473577e-02  6.03394173e-02]
  [-1.26072481e-01 -1.47542804e-01 -2.36767784e-01]]

 [[ 1.64970949e-01 -6.91295834e-03  1.28784180e-01]
  [-1.33139253e-01 -1.87511310e-01  3.85764450e-01]
  [ 1.58757530e-02  4.18344624e-02  1.97526682e-02]]

 [[-8.65177587e-02 -1.57998592e-01  5.77787310e-02]
  [-5.08469269e-02 -3.81591946e-01 -1.03582524e-01]
  [-3.58583145e-02 -1.72792356e-02 -3.53565812e-01]]

 [[-9.23678279e-02  1.49614245e-01 -2.13250160e-01]
  [-8.19174349e-02  2.35547006e-01 -1.29313022e-02]
  [ 2.98806399e-01  1.45969659e-01  1.67636141e-01]]

 [[-2.03005821e-01 -8.71178657e-02 -2.72148728e-01]
  [ 4.26275991e-02  1.40060246e-01 -1.03629038e-01]
  [-2.56216019e-01 -2.88136214e-01 -7.23466128e-02]]

 [[ 6.50732368e-02  7.88265392e-02 -1.54862046e-01]
  [-1.32347092e-01  5.94134405e-02  1.37885571e-01]
  [ 4.82988469e-02 -4.84035790e-01 -9.50154066e-02]]

 [[-2.48280004e-01 -1.38606817e-01 -1.46826342e-01]
  [-3.35547835e-01 -2.49993756e-01 -2.34779745e-01]
  [ 7.71413073e-02 -5.38267866e-02 -1.75358325e-01]]

 [[-4.58640791e-02 -4.27600406e-02  1.01575300e-01]
  [ 2.19592184e-01  4.88585718e-02  5.72943568e-01]
  [ 1.48468241e-01 -1.59335181e-01 -1.34077281e-01]]

 [[-8.66800025e-02  2.33101904e-01  1.87168449e-01]
  [ 3.38913612e-02  1.26956210e-01 -9.97138470e-02]
  [-4.52385880e-02 -4.82925139e-02 -3.82902622e-01]]

 [[-1.80931255e-01  3.06938529e-01 -8.57577026e-02]
  [ 1.54993489e-01  7.52371177e-02 -2.05993086e-01]
  [ 1.30992636e-01 -1.30355448e-01  2.82060266e-01]]

 [[-1.77704673e-02  2.84753442e-02 -6.18201233e-02]
  [ 8.13056529e-02 -2.17631519e-01  1.73418107e-03]
  [-4.37489972e-02 -1.28095299e-01  7.75217488e-02]]

 [[-1.42210856e-01  7.53198052e-03  8.96065608e-02]
  [-1.63503602e-01  1.66398257e-01 -8.91925022e-02]
  [-2.45617509e-01  2.79444188e-01 -2.75365829e-01]]

 [[-1.76546782e-01 -2.31035650e-01 -1.57715574e-01]
  [ 1.81948543e-02 -3.14976305e-01  6.53112754e-02]
  [ 1.26399145e-01 -2.97723830e-01  8.96691382e-02]]

 [[-2.17583165e-01  3.53855789e-02 -2.35557035e-01]
  [-1.42924441e-02 -4.33818661e-02  6.30287360e-03]
  [ 1.42657503e-01  4.99078110e-02  5.17554656e-02]]

 [[-1.36146605e-01  1.54629856e-01 -1.07411586e-01]
  [-1.12969637e-01 -1.52182868e-02 -2.51115859e-01]
  [ 1.74131975e-01 -2.83821262e-02  1.05348639e-01]]

 [[-1.62695318e-01 -1.42602712e-01  4.53547388e-02]
  [ 8.12039003e-02 -3.24507318e-02 -1.88590828e-02]
  [-3.45434807e-02  6.94598034e-02 -4.57893275e-02]]

 [[-2.02112645e-02 -7.84795508e-02 -3.93361412e-02]
  [ 2.43814796e-01 -3.12098349e-03  2.16781721e-02]
  [-6.43810108e-02 -5.04736662e-01  7.10845664e-02]]

 [[ 1.28962412e-01  6.35429472e-02 -1.38768062e-01]
  [ 1.73530608e-01 -1.19269602e-01 -4.38993424e-02]
  [-1.50032878e-01 -8.20691735e-02 -4.59176674e-02]]

 [[-2.06157371e-01  8.79418328e-02 -3.04081738e-01]
  [-6.45077438e-04 -4.32268679e-02  3.36693376e-02]
  [ 1.43913493e-01  1.65235311e-01  1.54073343e-01]]

 [[ 6.60458058e-02  7.88891688e-02 -3.84218954e-02]
  [ 4.04436402e-02  2.04476621e-03  6.56751469e-02]
  [-9.91908088e-03  1.33781388e-01 -4.08943444e-02]]

 [[-1.32932365e-01  1.02549478e-01 -1.42615467e-01]
  [-2.00497638e-02 -3.91361527e-02 -1.28884716e-02]
  [-3.97605240e-01 -1.07140198e-01 -5.90017289e-02]]

 [[-9.46883559e-02  2.91648686e-01 -5.07102488e-03]
  [ 1.04117572e-01  6.64321259e-02  8.01077485e-02]
  [-4.80019636e-02  1.09394372e-01 -1.61214411e-01]]

 [[-1.38231397e-01  2.48888172e-02 -1.43572986e-02]
  [-7.95666575e-02  6.13413937e-02 -2.07858998e-02]
  [ 5.12312204e-02 -8.60937908e-02  7.20579922e-02]]

 [[-2.08078604e-02  1.14588544e-01 -1.82675630e-01]
  [-5.77491196e-03 -3.05501232e-03 -6.30215347e-01]
  [-2.09956780e-01 -1.51582390e-01 -3.18902470e-02]]

 [[-1.38941377e-01  1.82729766e-01 -1.01538926e-01]
  [-3.78813483e-02  1.75285146e-01 -7.65871182e-02]
  [ 2.46249009e-02  1.50775328e-01  6.33717403e-02]]

 [[-1.47677466e-01 -1.45403892e-01 -3.06930467e-02]
  [ 5.22183953e-03 -1.65246964e-01  1.34819292e-03]
  [ 1.05101176e-01 -3.01890135e-01  7.31600374e-02]]

 [[ 3.93743187e-01  5.56944124e-02 -7.64621794e-02]
  [ 6.71851337e-02 -2.02867255e-01 -3.42569277e-02]
  [-1.27014309e-01 -3.07340235e-01 -1.70114323e-01]]

 [[-2.94166833e-01 -2.56053686e-01 -1.82793647e-01]
  [-2.52533227e-01 -1.52373061e-01 -2.15532213e-01]
  [ 2.40274876e-01 -1.25248984e-01  1.56228304e-01]]

 [[-1.12999916e-01 -5.30605651e-02 -2.41320208e-01]
  [-7.21116722e-01  3.07741780e-02  4.14130569e-01]
  [ 4.52518500e-02 -9.20000300e-02 -6.83765784e-02]]]