[[[ 0.77616161  0.96067274  0.50133085]
  [-0.0839314   0.08496076 -0.23699894]
  [-0.70194745 -0.49823603 -0.83126968]]

 [[-0.37543604 -0.23554605 -0.14564706]
  [-0.19817476 -0.07707664  0.17299858]
  [ 0.11308511  0.3688131   0.19090337]]

 [[-0.59003842 -1.02304041 -0.99082404]
  [ 0.34395197 -0.21196753  0.1663972 ]
  [ 0.68924624  0.58054835  0.73848021]]][[[-0.24849854  0.53290266 -0.11455914]
  [ 0.85049045 -0.90770817 -0.04845633]
  [-0.22211803 -0.09837668  0.25318334]]

 [[ 0.12975723  0.27774885 -0.13843192]
  [ 0.65684795 -0.85103273  0.03315065]
  [-0.27159825  0.01921928  0.23348717]]

 [[-0.22082801  0.21448344 -0.14827669]
  [ 0.42152053 -0.31266677 -0.09107299]
  [-0.34703499  0.36359277  0.16677771]]][[[ 0.160513    0.18232635 -0.36479247]
  [ 0.38519537 -0.04683606 -0.39256269]
  [-0.66449833  1.35372913 -0.6511814 ]]

 [[-0.67123449 -0.09752848  0.41828996]
  [-0.44099534 -0.33861619  1.21986139]
  [-1.28876436  0.33274323  0.76905322]]

 [[ 0.18518658  0.18145332 -0.36225024]
  [ 0.91607881 -0.61605281 -0.37228322]
  [ 0.63810551  0.44465435 -1.25522435]]][[[ 0.85052759 -0.07354859 -0.36068076]
  [ 1.10835779 -0.6786812  -0.74975568]
  [ 1.37038946 -0.92819416 -0.52210534]]

 [[-0.08191305 -0.0361909   0.1181291 ]
  [-0.40887779  0.01110709  0.42698255]
  [-0.67543662  0.15631156  0.63824123]]

 [[-0.76557523  0.14561173  0.29485717]
  [-0.81981564  0.72291416  0.36281544]
  [-0.87499452  1.03601825 -0.09913808]]][[[-0.13435844 -0.22770502 -0.20940435]
  [-0.2920979   0.25559002 -0.24223259]
  [ 0.1926343   0.31244415 -0.09235506]]

 [[ 0.35385176 -0.04049794  0.18635587]
  [-0.23313102  0.30619389  0.16174056]
  [-0.33189619 -0.26236719 -0.15875518]]

 [[ 0.64674646 -0.33822501  0.29828802]
  [ 0.39855751  0.34688163  0.50618267]
  [-0.73585647 -0.92765129 -0.79409116]]][[[ 0.22237605  0.20143671  0.1565365 ]
  [-0.37450209 -0.37073749 -0.21286883]
  [-0.05282554 -0.34783509  0.48285347]]

 [[ 0.3499783   0.36294386  0.6558308 ]
  [-0.54837006 -0.35968405  0.00447121]
  [-0.67100567 -0.64785671 -0.26779798]]

 [[-0.68041319 -0.56985217 -0.73502266]
  [ 1.01633596  0.97635704  0.12808722]
  [ 0.67472863  0.87824202 -0.10837913]]][[[ 1.81620896e-01 -8.95649660e-03 -1.29744604e-01]
  [-1.03811413e-01 -2.47648975e-04 -3.47914617e-03]
  [-5.66490553e-02 -1.07802495e-01  1.10759310e-01]]

 [[-4.88686204e-01 -1.09191529e-01 -2.07997873e-01]
  [-1.47920385e-01  1.03236184e-01 -1.48252070e-01]
  [-1.08678415e-01 -1.85439050e-01  4.17783819e-02]]

 [[-3.25711421e-03  1.79515891e-02  3.23955238e-01]
  [ 8.56090635e-02  2.05345452e-01 -7.58072187e-04]
  [-2.02624112e-01 -4.42397952e-01 -2.26139322e-01]]][[[ 0.1528265   0.46708348  0.1353648 ]
  [ 0.17214148 -1.26542735  0.13478978]
  [ 0.35493293 -0.04592787  0.25029203]]

 [[ 0.26933032  0.42606983  0.58200693]
  [ 0.13116194 -1.36560237  0.04904921]
  [ 0.1027618  -0.53593641 -0.01531956]]

 [[-0.13076933  0.2167466  -0.1848917 ]
  [ 0.00966312 -0.55385083 -0.00535164]
  [ 0.03368324  0.16703872  0.16118328]]][[[ 0.13416687 -0.06858845 -0.45630646]
  [ 0.14603394  0.68109935  0.13649669]
  [-0.43977508 -0.19283575  0.18867897]]

 [[ 0.13253978  0.07760303  0.14056066]
  [ 0.00476627  0.12492202 -0.1773272 ]
  [-0.12270585 -0.13423325  0.08322304]]

 [[-0.01075301 -0.6567291  -0.25431511]
  [ 0.36771637  0.12626414 -0.87858409]
  [ 0.26574338  0.54482681  0.52830899]]][[[ 0.09620086 -0.63978583 -0.27153346]
  [ 0.5382936  -0.10341368 -1.00403714]
  [ 0.76164091  0.75838167 -0.28318402]]

 [[ 0.06518054  0.53352243  0.66634905]
  [-0.76262128 -0.01608898  0.93527871]
  [-0.45037696 -0.72564059  0.16299438]]

 [[ 0.05586591  0.42211118 -0.26487321]
  [-0.58223289  0.31006205  0.88123   ]
  [-0.36753878 -0.82880157  0.21200815]]][[[ 0.04569865 -0.15549229  0.21929029]
  [ 0.20674019  0.06192071  0.1803195 ]
  [-0.18239333 -0.28914267  0.14356533]]

 [[ 0.12008387  0.09670097 -0.21473926]
  [ 0.18442601 -0.04311255 -0.33696026]
  [ 0.13514371 -0.11619804 -0.11743491]]

 [[-0.70892125 -0.44541708  0.51918334]
  [-0.78747272 -0.30385467  0.26633111]
  [-0.33849516  0.67224628  0.83221859]]][[[-0.10810467  0.03867428  0.20743138]
  [-0.34279582  0.12825973  0.204997  ]
  [-0.03003887 -0.0163537   0.12866111]]

 [[ 0.08544242 -0.5365259  -0.51187038]
  [ 0.00169315  0.02218862 -0.25718945]
  [ 0.05742074 -0.27283773 -0.47420093]]

 [[ 0.13326602 -0.00430304  0.09572792]
  [ 0.08179514  0.26949424  0.47342092]
  [ 0.4248398   0.06753711  0.10010157]]][[[ 0.46402156  0.91447329  0.70262802]
  [-0.98270184 -0.66148096  0.66760844]
  [-0.18404455 -0.89270276  0.04631087]]

 [[ 0.06056598  0.46991655  0.04135899]
  [-0.32639053 -0.18985757  0.16845344]
  [ 0.11317339 -0.16655521 -0.25845599]]

 [[-0.20716918 -0.51218551 -0.7119922 ]
  [ 0.73959899  0.47022981 -0.3219763 ]
  [ 0.20899679  0.81367952 -0.09882499]]][[[ 0.10362466  0.41068631 -0.43861508]
  [ 0.34319457 -0.77902549  0.35160658]
  [-0.07745613  0.28798661 -0.22507955]]

 [[ 0.39010268 -0.30289754 -0.29872653]
  [-0.33091274 -0.85405302  1.0607096 ]
  [-0.70762014  0.65800071  0.2014403 ]]

 [[ 0.10141011  0.35567787 -0.52752596]
  [ 0.36537713 -0.59018642  0.19991872]
  [-0.17219318  0.37014517 -0.18082325]]][[[ 0.21133176  0.17032792 -0.10464429]
  [-0.6279518  -0.44161636 -0.12187453]
  [ 0.30732536  0.42943722  0.16517998]]

 [[ 0.31487173  0.16066885 -0.17777966]
  [-0.46565226 -0.50949603 -0.34152746]
  [-0.3128027   0.4325352   0.41805822]]

 [[ 0.40167338  0.41194919  0.38665268]
  [ 0.56063259 -0.04735769 -0.02892837]
  [-0.22491542 -0.48426569 -0.59361142]]][[[-0.46866497  0.75945026 -0.0307851 ]
  [ 0.11178831  0.19721813 -0.62410587]
  [-0.01193022 -0.11438387 -0.28165734]]

 [[-1.05442131  0.22490908  0.45839036]
  [-0.15817267  0.33950782  0.09807886]
  [ 0.06095355  0.15400869  0.12589198]]

 [[-1.15898693  0.02787844 -0.07587712]
  [ 0.39883307  0.60080939 -0.07260747]
  [ 0.47437894  0.10987824 -0.19211471]]][[[ 0.19100097 -0.66175604  0.4364267 ]
  [-0.73422515  1.14160645 -0.55127174]
  [ 0.27534375 -0.44243863  0.34698382]]

 [[ 0.59065604 -0.50095957  0.36261582]
  [-0.3694734   0.9038083  -0.82734829]
  [ 0.47267395 -0.94859803  0.30200532]]

 [[-0.24753015 -0.74045593  0.54469508]
  [-0.71086657  1.4849813  -0.38117459]
  [ 0.533342   -0.31810266 -0.06959964]]][[[ 0.33479446  0.37427276 -0.57243174]
  [ 0.16407229  0.26511264 -0.09842893]
  [-0.21959585 -0.26991272 -0.36405849]]

 [[ 0.47778294  0.29764882  0.27501813]
  [ 0.17966372 -0.2294361   0.15360089]
  [ 0.25947052 -0.09893835  0.14729164]]

 [[-0.61808848 -0.55383605  0.20699805]
  [-0.67682195 -0.6619072   0.13232437]
  [-0.08436739  0.12272573  0.31708169]]][[[ 0.10815506 -0.38136163 -0.10308734]
  [-0.29729092 -0.24527745  0.12559619]
  [-0.40357599  0.54520589  0.26007715]]

 [[ 0.10309126 -0.19779406  0.11546534]
  [-0.1066625  -0.05563892 -0.12727346]
  [ 0.04564613  0.36147389 -0.50499833]]

 [[ 0.27795228  0.3193185   0.25714177]
  [ 0.28463653  0.4494617  -0.36382317]
  [ 0.4795399   0.39975235 -1.36234081]]][[[ 0.25350258  0.26074055  0.45434153]
  [-0.00279024 -0.06457925  0.04310269]
  [-0.34680897  0.24383479 -0.36086831]]

 [[ 0.14070506  0.16377339  0.133332  ]
  [ 0.0391394   0.04748853  0.09801546]
  [ 0.02419182  0.87938547  0.05407025]]

 [[-0.41156465 -0.34089851 -0.47011223]
  [-0.00539649 -0.13601235 -0.09134188]
  [ 0.38435626  0.9345848   0.19578268]]][[[ 3.68827283e-01  2.94260502e-01  1.17766045e-01]
  [ 3.85548323e-01  2.39898309e-01 -3.19206178e-01]
  [-1.06062388e+00 -2.93321669e-01 -3.63013923e-01]]

 [[-5.70846140e-01 -4.94411796e-01  9.03377077e-04]
  [ 8.28735888e-01  3.95104438e-01  2.05945186e-02]
  [-5.60013764e-03  3.39148581e-01 -1.20757986e-02]]

 [[-4.96349752e-01 -3.20197403e-01  3.61549884e-01]
  [ 5.07831454e-01 -1.86260059e-01  2.11920455e-01]
  [-2.51581460e-01 -1.64605230e-01  2.41567016e-01]]][[[-0.28642318 -0.38678983  1.13421226]
  [ 0.41192415 -0.63981575 -0.26719633]
  [-0.22425827  0.43990564 -0.00817281]]

 [[-0.01765387 -1.01911688  0.29777965]
  [ 1.05208087 -0.43728596 -0.97499037]
  [ 0.27029657  1.06050181 -0.46853113]]

 [[-0.33011332  0.34744385  0.27977696]
  [-0.08453935  0.0893208   0.32600149]
  [-0.54209167 -0.03592661 -0.12766449]]][[[ 0.3643285   0.07767726 -0.03295442]
  [-0.07959983 -0.16812693 -0.0493191 ]
  [-0.00197178 -0.02769681 -0.12443674]]

 [[-0.58278555 -0.70216358 -0.52155942]
  [-0.40956768  0.21564862  0.54529077]
  [ 0.02533006  0.63204682  0.69742131]]

 [[ 0.1314041  -0.2601001  -0.47502381]
  [-0.15483002  0.01020601  0.04675923]
  [-0.22485203 -0.23142883 -0.33573466]]][[[-0.18297957 -0.30544817 -0.25552237]
  [-0.03125595 -0.07979603 -0.09140652]
  [-0.33993515 -0.00196628 -0.38648519]]

 [[ 0.21026339 -0.05202333  0.06037065]
  [ 0.25813034  0.08174797 -0.05743918]
  [-0.02581422  0.29555041  0.10388792]]

 [[ 0.09581776  0.15235388  0.49460068]
  [-0.0034437  -0.0860863   0.00671601]
  [-0.12105548  0.18656497  0.3227163 ]]][[[-0.22465911 -0.12494995  0.37967244]
  [-0.30063802 -0.15088062  0.47747037]
  [-0.32131016 -0.35085031  0.57470804]]

 [[ 0.45756242  0.2767131  -0.65176707]
  [ 0.46379098  0.33210826 -0.65170765]
  [ 0.51113403  0.02427913 -0.67530966]]

 [[-0.16818573  0.37210068 -0.31767559]
  [-0.07123928  0.55905455 -0.32513297]
  [-0.21439916  0.78102839 -0.5900858 ]]][[[-0.08599702  0.75028562  0.07020023]
  [ 1.0234071   0.04759385 -0.25597244]
  [-0.52049768 -0.95270807 -0.03904054]]

 [[ 0.64578307  0.26648003  0.36103684]
  [ 0.56982261 -0.40497407 -0.23801109]
  [-0.01768335 -0.93978518 -0.26942349]]

 [[-0.82273757 -0.56070727 -0.28901881]
  [-0.94319916  0.29755884  0.32580543]
  [ 0.32560471  1.25071049  0.36509263]]][[[ 0.5679031   0.67699552 -0.13527194]
  [ 0.57267922 -0.06033427 -1.02909005]
  [ 0.31899774 -0.57959586 -0.29610953]]

 [[ 0.02436678 -0.00859691 -0.06362951]
  [-0.10732443 -0.07012679 -0.132893  ]
  [-0.04511364 -0.21481691  0.31842565]]

 [[-0.21851708 -0.05208092 -0.12355313]
  [ 0.02130398  0.19178952  0.05931092]
  [ 0.01332344 -0.00810165 -0.09047144]]][[[-0.88437831  1.09962547 -0.55017352]
  [-0.59523308  1.0487746  -0.46792439]
  [-0.24305019  0.67375165 -0.12087538]]

 [[-0.09186421  0.19990621 -0.33274335]
  [ 0.29434207  0.43128064 -0.11065445]
  [-0.05946801 -0.06957512 -0.36011013]]

 [[ 0.07511798  0.32216117  0.11627459]
  [-0.41404286  0.06921414 -0.30321932]
  [-0.16167776  0.18200731  0.08476521]]][[[ 0.0782795  -0.24314058 -0.1475811 ]
  [-0.0523255  -0.29758936 -0.17846073]
  [ 0.27878225 -0.07296633  0.45775449]]

 [[ 0.15387541  0.68109196  0.2770555 ]
  [ 0.39373735  0.78210199 -0.45527273]
  [-0.03604745 -0.3823373  -1.12669861]]

 [[-0.86901832 -0.36754739  0.18685265]
  [-0.56528366  0.50193983  0.47876984]
  [ 0.05573018  0.57195193 -0.03056848]]][[[-0.06151725  0.07386729  0.05787816]
  [ 0.04414461  0.18787974 -0.07750255]
  [-0.16621368  0.08612639 -0.02304345]]

 [[-0.3879976   0.02640813  0.42943808]
  [ 0.17794497  0.33068165 -0.1084128 ]
  [ 0.35254055 -0.16192689 -0.3787381 ]]

 [[-0.18111689  0.43944791  0.245654  ]
  [ 0.42390671  0.33463916 -0.47073659]
  [ 0.07878076 -0.54727209 -0.56597769]]][[[-0.01929099  0.67217761 -0.66845787]
  [-0.7799958   0.33766451  0.5617122 ]
  [ 0.37034094 -0.80039483  0.39183706]]

 [[-0.23248595  0.3713311   0.05676763]
  [-0.58560288 -0.09775162  0.45654813]
  [ 1.22776926 -1.06120443 -0.38188133]]

 [[ 0.13336731  0.11497246 -0.30927688]
  [-0.44801146  0.56304193 -0.09973488]
  [ 0.01896658 -0.39717239  0.3813169 ]]][[[-0.29906595  0.54704827 -0.55971897]
  [-0.45447862 -0.12374011 -0.22941181]
  [ 0.08580943 -0.21916939  0.18129879]]

 [[ 0.16446003  1.09643722 -0.06884543]
  [-0.20535199  0.19095367 -0.16527586]
  [ 0.03476226 -0.18930024 -0.2044656 ]]

 [[-0.21309175  0.15106249 -0.14418761]
  [-0.21717216 -0.11535516 -0.12812979]
  [ 0.27359784  0.17685963  0.10460541]]][[[ 0.28809345 -0.92827708 -0.164418  ]
  [ 0.78095377  0.55005759 -1.11717439]
  [-0.46457273  0.61289942  0.33813599]]

 [[-0.130671   -0.04478123  1.21350622]
  [-0.33602172  0.09148485  0.09906647]
  [-0.67276329 -0.55523372  0.13765678]]

 [[ 0.0615926  -0.39889899 -0.15707621]
  [ 0.41621134  0.44762474 -0.70866573]
  [-0.02960725  0.30300331  0.22171477]]][[[-0.18103801  0.27540904  0.00908077]
  [-0.29171297  0.052407   -0.23245961]
  [-0.1046815  -0.05351227  0.04816751]]

 [[ 0.35958272  0.22310306 -1.04266989]
  [-0.01318389  0.57837033 -0.2934213 ]
  [-0.11310924  0.37783361  0.55960709]]

 [[ 0.10785134  0.57780009 -0.43513909]
  [-0.33993348  0.55433917  0.03707694]
  [-0.55661482 -0.1665628   0.28038788]]][[[-0.67935109 -0.36574286  0.25050369]
  [ 0.20244587  0.41202617  0.35946745]
  [ 0.8835609   0.42328754 -0.30627093]]

 [[-0.21638323 -0.42900172 -0.23040836]
  [ 0.10507047  0.21326107 -0.01927052]
  [ 0.57033431  0.21792129 -0.20865725]]

 [[ 0.7936449   0.41162202  0.27776587]
  [-0.05088995 -0.27048302  0.04063819]
  [-0.76677549 -0.75752372 -0.09499885]]][[[-0.69941968  0.47167712  1.00307655]
  [-0.89519459 -0.26765022  0.88071716]
  [-0.22443147 -0.35445389  0.20771004]]

 [[ 0.36284417 -0.17272008 -0.26669073]
  [ 0.26830384 -0.11638458 -0.19018689]
  [ 0.17694308 -0.04038226 -0.02773643]]

 [[ 0.61299157 -0.37547493 -1.10522127]
  [ 1.01104128  0.35131207 -0.92061019]
  [ 0.34947211  0.41382316 -0.28734475]]][[[-0.23520559 -0.81347036  0.35190353]
  [-0.93513012  0.45404846  0.7708804 ]
  [ 0.64330697  0.88449484 -0.77890271]]

 [[ 0.26756278 -0.32062694  0.08090863]
  [-0.4780395  -0.12688974  0.09978578]
  [-0.14218369  0.16592082  0.04375913]]

 [[ 0.30192065  0.01212438 -0.23515148]
  [-0.13069174  0.10774536  0.08246934]
  [ 0.03700766 -0.0840166  -0.02688513]]][[[-0.42459485 -0.24966633 -0.27917293]
  [-0.25442851 -0.54788172  0.11771705]
  [ 0.3232834  -0.46778592  0.45476225]]

 [[ 0.69634688  0.77587479  0.28893876]
  [ 0.26650989  0.12000229  0.06441354]
  [ 0.31275162 -0.27660781 -0.26077774]]

 [[-0.41626975 -0.20458761 -0.26493913]
  [-0.14419843 -0.12144119  0.25079805]
  [ 0.12280951 -0.15303037  0.28657275]]][[[-1.15093899e+00 -1.64769435e+00 -9.59753156e-01]
  [ 5.81861973e-01  3.20952535e-01  2.53472626e-01]
  [ 7.65596330e-01  9.78213191e-01  9.53372061e-01]]

 [[ 9.46552336e-01  1.14361751e+00  8.79877865e-01]
  [-1.06995851e-01  1.23242545e-03 -1.63728058e-01]
  [-9.40591037e-01 -9.22502697e-01 -8.91684532e-01]]

 [[ 1.37577012e-01  5.29292285e-01  1.35814101e-01]
  [-4.16877806e-01 -3.01759452e-01 -1.05889007e-01]
  [ 1.30966142e-01 -4.02853042e-02 -3.87358405e-02]]][[[-0.33304638 -1.26908195  0.4039796 ]
  [-0.82095873 -0.75378829  1.16398036]
  [-0.1894722   0.53879052  1.59976971]]

 [[ 0.59147489  0.46981725 -0.11135718]
  [ 0.26793483 -0.04429398 -0.58244389]
  [-0.03656625 -0.35285208 -0.58363014]]

 [[-0.11016968  0.66159052 -0.34243766]
  [ 0.50106251  0.74407703 -0.30391818]
  [ 0.26478803 -0.13960613 -1.22303712]]][[[-0.02839035 -0.09566397  0.02224885]
  [-0.2235667   0.19754685 -0.25457686]
  [-0.49815863  0.18731247 -0.36670154]]

 [[-0.23094206 -0.37600628 -0.29565218]
  [-0.01387753  0.33484325 -0.09465311]
  [-0.32451773  0.47969645  0.11719789]]

 [[-0.17687036 -0.23851846 -0.06000762]
  [-0.29102147  0.3359904   0.14019015]
  [-0.60039771  0.56478542  0.279854  ]]][[[ 0.13802729  0.0628947  -0.05193311]
  [ 0.02651602  0.02355124  0.06120037]
  [ 0.02959676  0.11590634  0.02781402]]

 [[ 0.03190156 -0.33989745 -0.32580757]
  [-0.24025512 -0.62018287 -0.44633091]
  [-0.2612237  -0.52907938 -0.30185702]]

 [[-0.3775427   0.39100143  0.33037293]
  [ 0.24086778  0.84924269  0.37360221]
  [ 0.13641496  0.59151024  0.06246939]]][[[-0.42520598 -0.46829805 -0.37635308]
  [ 0.34895498  0.0658017   0.04720675]
  [ 0.55115217 -0.04106946  0.45638913]]

 [[-0.13726452 -0.12881582 -0.04823688]
  [ 0.12573403  0.12859008  0.10459022]
  [ 0.06744588 -0.21292161  0.23204801]]

 [[-0.15522663 -0.05954734 -0.09677024]
  [ 0.36107248  0.41160911  0.29753137]
  [-0.088407   -0.45873794 -0.0060501 ]]][[[-0.16592562  0.14915577  0.74005354]
  [-0.2087954  -0.53897685  0.28945732]
  [-0.08670396 -0.25278896 -0.28333801]]

 [[-0.18145223 -0.2490986  -0.26971483]
  [ 0.60199177 -0.05938493 -0.28202543]
  [ 0.76467091  0.46665621 -0.4063952 ]]

 [[-0.57760543 -0.34465063 -0.19608092]
  [ 0.37324172 -0.05554167 -0.05387131]
  [ 0.22080773  0.26762778 -0.20686637]]][[[ 0.05330156  0.20165584  0.15105565]
  [-0.15153658  0.0246956  -0.1197885 ]
  [-0.11524333  0.06456903 -0.09134356]]

 [[-0.53835708  0.15427616  0.48209691]
  [-0.23125044  0.20450649  0.21483964]
  [-0.61556584 -0.16692475  0.33018279]]

 [[-0.38408503  0.06485528 -0.18962587]
  [-0.04336667  0.25491667  0.06472974]
  [-0.17607178  0.37327161  0.01333051]]][[[ 0.52492392 -0.10697614 -0.54425216]
  [ 0.2801711  -0.36563751 -0.06710281]
  [-1.05818033 -0.17704417  0.96947771]]

 [[ 0.31879872 -0.13465971 -0.52612597]
  [ 0.27210522 -0.34167343 -0.10042087]
  [-0.42956904  0.07010815  0.77568269]]

 [[-0.20045655  0.2688103   0.32718575]
  [ 0.37570122  0.10725838 -0.24466102]
  [ 0.10828585 -0.02324152 -0.53104526]]][[[ 0.14703925  1.12327349 -0.41816655]
  [ 0.34615061  0.440422   -1.03446269]
  [ 0.00314452  0.03623509 -0.93859476]]

 [[-0.41157633 -1.05381191  0.46605709]
  [-0.30941209 -0.41379967  1.12457371]
  [-0.19265969  0.09762794  0.80024314]]

 [[ 0.36962748 -0.83164847  0.18771435]
  [-0.261058   -0.41764954  0.67332059]
  [-0.02010591  0.30310184  0.11439341]]][[[-0.73361474 -0.52785438  0.09732252]
  [-0.61085832  0.08423381  0.42220268]
  [-0.6859594   0.11982779  0.64792782]]

 [[ 0.14630125  0.32790595  0.13247798]
  [ 0.80756438  0.42346707 -0.34254748]
  [ 0.47264954 -0.32182082 -0.32280794]]

 [[ 0.3570976   0.11219612  0.08763082]
  [ 0.68798554 -0.00242647 -0.55687916]
  [ 0.32709014 -0.70081133 -0.37195656]]][[[-0.11363668 -0.07516677 -0.12804164]
  [-0.01046176  0.27061471  0.08903631]
  [-0.22107512  0.08078944 -0.04317004]]

 [[-0.55749977 -0.01624691 -0.46686563]
  [-0.12974565  0.53158104 -0.20924522]
  [-0.16445568  0.49593622 -0.31650788]]

 [[-0.12932646  0.56470662  0.11661209]
  [-0.27870798  0.51954335 -0.10956696]
  [-0.38647827  0.5406763  -0.04764305]]][[[ 0.72475064 -0.88890141  1.04387295]
  [-0.32615215  0.36351076  0.26908645]
  [-0.38303587  0.11135605 -0.27366254]]

 [[ 0.68575478 -1.15243769 -0.11703973]
  [-0.03848587  0.57287318 -0.60583335]
  [-0.09760609  0.41055366 -0.25582591]]

 [[ 0.5129109  -0.46141732  0.80438816]
  [-0.65658927  0.36600587 -0.29250365]
  [-0.31272155  0.46833003 -0.25713888]]][[[ 0.48662463 -0.19556467 -0.12683946]
  [ 0.13590218 -0.06774103 -0.0112976 ]
  [-0.0881358  -0.11446973 -0.04506482]]

 [[-0.15699557 -0.01439437  0.17447263]
  [-0.02366256 -0.13596962  0.19103085]
  [ 0.04517972  0.01411818 -0.13914157]]

 [[ 0.36212134 -0.61797577  0.07906342]
  [ 0.76719475 -0.54166669 -0.19108708]
  [ 0.43247989  0.07906608 -0.35828108]]][[[ 0.2635954  -0.27637237  0.32501701]
  [ 0.01540843 -0.60409582  0.21242563]
  [ 0.17974939 -0.57195169  0.57507515]]

 [[ 0.1373837  -0.7589398   0.11171064]
  [ 0.8627584  -0.77855706  0.64487606]
  [ 0.60237163 -1.00602472  0.17294927]]

 [[-0.10521523  0.18804821 -0.037708  ]
  [ 0.15271737 -0.19713966  0.14752996]
  [ 0.09599317 -0.33599472  0.18228468]]][[[-0.53934449 -0.49710482 -0.6071735 ]
  [ 0.96210569  0.52160281 -0.36655757]
  [ 1.19058561  0.75276274 -0.6865443 ]]

 [[ 0.50764424  0.49363694  1.20943761]
  [-1.46686268 -1.06611109  0.63103884]
  [-1.7266587  -1.29636443  0.88716978]]

 [[ 0.01167931 -0.0314944  -0.50466532]
  [ 0.35944989  0.38566122 -0.33355328]
  [ 0.67927068  0.57357293 -0.09572181]]][[[ 0.18928193  0.8858074   0.20414242]
  [-0.36885241  1.1090554   0.51981187]
  [-1.08676863 -0.2007113  -0.46176961]]

 [[-0.28791818 -0.65899366 -0.61660135]
  [ 0.04934356 -0.35878781 -0.50421888]
  [ 0.88490117  0.17681652  0.11236124]]

 [[-0.0666346  -0.15829139  0.35972562]
  [-0.11698107 -0.3970626  -0.21973552]
  [ 0.28793266 -0.08635591  0.25679773]]][[[ 0.47055292  0.36011726  0.55049706]
  [ 0.00347195 -0.84435874 -0.28241387]
  [ 0.0750293  -0.95216405 -0.32184798]]

 [[-1.15080583 -0.38290709 -1.46502197]
  [-0.32610261  2.00035667  0.37840387]
  [-0.28380209  2.31864357  0.58461696]]

 [[ 0.77125621  0.03468394  0.87513328]
  [ 0.23849528 -1.27104723 -0.11540613]
  [ 0.23549065 -1.49682832 -0.26619348]]][[[ 0.28216672 -0.20539241 -0.83675128]
  [ 0.63585776  0.15883984 -0.68742132]
  [ 0.6046688   0.40462726 -0.37502092]]

 [[ 0.26600072 -0.12114291 -0.18456778]
  [ 0.21667068 -0.26044831 -0.17425927]
  [ 0.49739715 -0.07845654 -0.2294435 ]]

 [[-0.57156253  0.46680164  0.63106912]
  [-0.64901823  0.10246196  0.73308069]
  [-0.73117047 -0.37059569  0.26630241]]][[[-0.43011951  0.0141185  -0.34405118]
  [-0.5024333  -0.7303589  -0.2306698 ]
  [ 0.53799486  0.62677967  0.60959864]]

 [[-0.00829896  0.26508039 -0.21972124]
  [ 0.01573591 -0.10533809  0.03381888]
  [ 0.27272847  0.31443554 -0.01214318]]

 [[-0.1385628   0.26204166 -0.11061852]
  [-0.02141161 -0.29671076  0.06905551]
  [ 0.0385999   0.05233408 -0.14749576]]][[[-0.45924836 -0.3910442   0.86811745]
  [-0.45437875 -0.47283632  0.68125629]
  [-0.5251708  -0.68568599  0.67572868]]

 [[ 0.18715102  0.15000494  0.30464473]
  [ 0.06811264 -0.03512642 -0.17286122]
  [ 0.17017004 -0.05227284 -0.04257968]]

 [[-0.26488581  0.0074118  -0.12116254]
  [ 0.08416728  0.18085448 -0.32676998]
  [ 0.08793364  0.35548359 -0.13155732]]][[[-0.10034012 -0.0811052  -0.07490459]
  [ 0.04074266  0.10460916  0.12473202]
  [ 0.09091309 -0.06675174  0.01854676]]

 [[-0.09315388 -0.32019872 -0.17314441]
  [ 0.37226129  0.73484176  0.72406852]
  [-0.35805559 -0.6225996  -0.61000699]]

 [[-0.09831399 -0.42696324 -0.31191826]
  [ 0.40666062  0.49720505  0.55224121]
  [-0.1332527  -0.22161858 -0.16453402]]][[[-0.81231451 -0.82943517 -0.73381388]
  [-0.3623822  -0.45858887 -0.41480082]
  [ 0.37695649  0.60851359  0.6096347 ]]

 [[ 0.12731034  0.178498   -0.06437578]
  [ 0.29037327  0.29368803  0.09011219]
  [-0.01746026  0.00412147 -0.06496584]]

 [[ 0.2773951   0.31664968  0.43476364]
  [ 0.20329681  0.15485796  0.20005032]
  [-0.50373596 -0.5084278  -0.32446223]]][[[ 0.68168676 -0.1340615  -0.85728729]
  [-0.07850243  0.22862439  0.50066561]
  [-0.22769052 -0.00139288  0.37754107]]

 [[ 0.23312756 -0.41005012 -0.77236521]
  [-0.12866133  0.02182868 -0.06498008]
  [ 0.21738759  0.17736298  0.04444999]]

 [[ 0.25417256 -0.03032695 -0.53972095]
  [-0.06422052  0.48579377  0.1083317 ]
  [ 0.05823747  0.05707217 -0.42983988]]][[[ 0.25203493  0.87289572 -0.1237919 ]
  [ 0.03704849  0.07100671  0.05262258]
  [-0.26842466 -0.12351786 -0.16484977]]

 [[-0.2634396  -0.14856146 -0.24270998]
  [ 0.20299961 -0.16223115 -0.0670856 ]
  [ 0.42274958  0.24736147  0.22950552]]

 [[-0.01494306  0.62733966  0.34502569]
  [-0.1790081   0.07807652  0.06290221]
  [-0.20471539 -0.06894556 -0.01347067]]][[[ 1.88880607e-01  2.39753649e-01  5.31779289e-01]
  [-2.47100547e-01 -5.01374424e-01 -6.92254126e-01]
  [ 2.53046215e-01  1.06123742e-04  1.62537113e-01]]

 [[ 3.20874117e-02  1.87041059e-01  5.65523446e-01]
  [-4.91280079e-01 -3.58803958e-01 -7.24537075e-01]
  [ 3.88979018e-01  3.34531784e-01  1.28365666e-01]]

 [[ 1.31984979e-01 -6.51236922e-02 -1.60519481e-01]
  [-2.05780342e-01  1.57921091e-01 -1.92151010e-01]
  [-7.24048615e-02  1.81414127e-01  2.29521975e-01]]][[[ 1.34451225e-01  3.33602965e-01  2.85947531e-01]
  [-6.85565770e-01 -3.07364017e-01 -1.32519871e-01]
  [-5.61369956e-01 -2.71069378e-01 -2.26831779e-01]]

 [[ 2.38248363e-01 -9.63920131e-02 -8.23019072e-05]
  [ 3.49493325e-01  1.27179429e-01 -9.99592431e-03]
  [ 1.83312058e-01  1.30648509e-01  8.14887732e-02]]

 [[-3.15992177e-01 -5.73934793e-01 -7.37369597e-01]
  [ 4.71821934e-01  4.78809536e-01  1.56939760e-01]
  [ 1.30053267e-01  6.28211498e-02  2.86956340e-01]]]