[[0.         0.         0.         0.         0.         0.
  0.         0.         2.82429263 3.98693218 1.40081561 0.2267722 ]
 [0.         0.         0.         0.         0.         0.
  0.         0.         0.         2.6394908  0.         0.        ]
 [0.         0.         0.         0.         0.         0.
  0.         0.         0.         2.11711861 0.         0.        ]
 [0.         1.55556424 0.24116642 1.87931771 1.64560187 0.
  0.         0.         0.         0.         0.         0.        ]
 [0.         4.58751409 2.7532656  0.93764991 0.24254715 0.
  0.         0.         0.         0.         0.         0.        ]
 [0.         3.76664623 3.29655051 0.         0.         0.
  0.         0.         0.         0.         0.         0.        ]
 [0.         2.57780675 3.44332203 0.         0.         0.
  0.         0.         0.         0.         0.         0.        ]
 [0.         0.33824801 0.         0.         0.         0.
  0.         0.         0.         0.         0.         0.        ]
 [0.         0.         0.         0.         0.         0.
  0.         0.         0.         0.         0.         0.        ]
 [0.         0.         0.         0.         0.         0.
  0.         0.         0.         0.         0.         0.        ]
 [0.         0.         0.         0.         0.         0.
  0.         0.         0.         0.         0.         0.        ]
 [0.         0.         0.         0.         0.         0.
  0.         0.         0.         0.         0.         0.        ]][[0.         0.         0.         0.         0.         0.
  0.         0.         0.         0.         0.         0.        ]
 [0.         0.         0.         0.         0.         0.
  0.         0.         0.         0.         0.         0.        ]
 [0.         0.         0.         0.         0.         0.
  0.         0.         0.         0.         0.         0.        ]
 [0.         0.         0.         0.         0.         0.
  0.         0.         0.         0.         0.         0.        ]
 [0.         0.         0.         1.63268297 0.         0.
  0.         0.         0.         0.         0.         0.        ]
 [0.         0.         0.         0.         0.         0.
  0.         0.         0.         0.         0.         0.        ]
 [0.         0.         0.         0.         0.         0.
  0.         0.         0.         0.         0.         0.        ]
 [0.         0.         0.         0.         0.         0.
  0.         0.         0.         0.         0.         0.        ]
 [0.         0.         0.         0.         0.         0.
  0.         0.         0.         0.         0.         0.        ]
 [0.         0.         0.         0.         0.         0.
  0.         0.         0.         0.         0.         0.        ]
 [0.         0.         0.         0.         0.         0.
  0.         0.         0.         0.         0.         0.        ]
 [0.         0.         0.         0.         0.         0.
  0.         0.37061274 0.23503363 0.         0.         0.        ]][[0.         0.         0.         0.         0.         1.3860616
  2.5432043  0.02998862 0.         0.19053546 0.         0.        ]
 [0.         0.         0.         0.         0.         0.
  0.         0.         0.         0.         0.         0.        ]
 [0.         0.         0.         0.         0.         0.
  0.         0.         0.         0.         0.         0.        ]
 [0.         0.         0.         0.         0.         0.
  0.         0.         0.         0.         0.         0.        ]
 [0.         0.         0.         0.         0.         0.
  0.         0.         0.         0.         0.         0.        ]
 [0.         0.         0.         0.         0.         0.
  0.         0.         0.         0.         0.         0.        ]
 [0.         0.         0.         0.         0.         0.
  0.         0.22138266 0.         0.         0.         0.        ]
 [0.         0.         0.         2.73963    2.41311487 0.
  0.33447972 1.32862799 0.         0.         0.         0.        ]
 [0.         0.         0.68785624 4.54946319 3.24514522 0.
  0.         0.         0.         0.         0.         0.        ]
 [0.         2.40684489 0.31905227 2.16971202 0.         0.
  0.         0.         0.         0.         0.         0.        ]
 [0.         3.10718166 0.         0.39445521 0.         0.
  0.         0.         0.         0.         0.         0.        ]
 [0.         0.1350826  0.         0.         0.         0.
  0.         0.         0.         0.         0.         1.34858441]][[0.         0.         0.         0.         0.         0.
  0.         0.         0.         0.         0.         0.82313648]
 [0.         0.         0.         0.05262209 0.46800605 0.
  0.         0.         0.30380499 0.         0.         0.        ]
 [0.         0.         0.         0.         0.         0.
  0.         0.         0.         0.         0.         0.        ]
 [0.         0.         0.         0.         0.         0.
  0.         0.         0.         0.         0.         0.        ]
 [0.03559464 0.         0.         0.         0.         0.
  0.         0.         0.         0.         0.         0.        ]
 [0.         0.         0.         0.         0.         0.
  0.         0.         0.         0.         0.         0.        ]
 [0.         0.         0.         0.         0.         0.
  0.         0.         0.         0.         0.         0.        ]
 [0.         0.         0.         0.         0.         0.
  0.         0.         0.         0.         0.         0.        ]
 [0.         0.         0.         0.         0.         0.
  0.         0.         0.         0.         0.         0.        ]
 [0.         0.         0.         0.         0.         0.
  0.         0.         0.         0.         0.         0.        ]
 [1.25231331 0.         0.13647488 0.         0.         0.
  0.         0.         0.         0.         1.65539503 0.42916585]
 [3.55374385 0.         1.10329893 0.73740577 0.71137243 0.12660792
  0.46788505 0.41786453 0.         0.         0.         1.18084194]][[3.23494741 4.7161967  3.73952255 3.0385023  3.3565234  3.15704701
  1.78475575 0.         0.         1.62482686 3.61113145 2.54535316]
 [0.61712345 0.         0.         0.         0.         0.
  0.         0.         0.         0.         0.         0.        ]
 [0.82853937 0.         0.         0.         0.         0.
  0.         0.         0.         0.         0.09978139 0.76955892]
 [0.         0.         0.         0.         0.         0.
  0.         0.         0.         0.         0.         0.7943229 ]
 [0.         0.         0.         0.         0.         0.
  0.         0.         0.         0.         0.         0.70693091]
 [0.         0.         0.         0.         0.         0.
  0.         0.         0.         0.         0.         0.19599728]
 [0.         0.         0.         0.         0.         0.
  0.         0.         0.         0.         0.         0.22237057]
 [0.         0.         0.         0.         0.         0.
  0.         0.         0.26277939 0.         0.         0.        ]
 [0.         0.         0.         0.         0.         0.
  0.         0.         0.         0.         0.         0.        ]
 [0.9227452  0.         0.         0.         0.         0.
  0.         1.07964947 0.54975068 0.34086514 0.58934014 0.        ]
 [2.89632784 0.         0.         0.         0.         0.01618921
  0.         1.0604784  0.1410938  0.         0.         0.        ]
 [2.45039383 0.         0.         0.         0.30038291 0.32265287
  0.68352287 1.37437048 1.11828365 0.         0.         0.        ]][[2.19706077 0.2441652  0.         0.         0.         0.
  0.         0.34038121 0.         0.         0.         0.        ]
 [0.         0.         0.         0.         0.         0.
  0.21774454 4.07268082 0.54619158 0.11599056 0.         0.09973595]
 [0.         0.         0.         0.         0.         0.
  1.97692474 4.52338633 1.28170373 0.         0.         0.55247077]
 [0.         0.         0.         0.         0.         0.
  2.77573466 1.84913049 0.         0.         0.         0.46094292]
 [0.         0.         0.         0.         0.         0.
  1.35384237 0.01376928 0.         0.         0.         0.05761556]
 [0.         0.6258331  0.         0.         0.         0.
  0.         0.         0.         0.         0.         0.        ]
 [0.         0.95124428 0.         0.         0.         0.
  0.         0.         0.20657976 0.         0.         0.        ]
 [0.         3.66713058 0.75322466 0.         0.         0.
  0.         0.         0.         0.         0.19574479 0.        ]
 [0.         5.27098381 1.34238918 0.58807025 0.         0.
  0.         0.         0.         0.         0.         1.0212247 ]
 [0.         4.43981112 0.49070559 2.43787193 1.00200317 0.22058048
  0.         0.         0.         0.         0.         0.        ]
 [0.         2.31199526 0.12348008 1.38514942 0.08453639 0.
  0.         0.         0.         0.         0.         0.        ]
 [0.         1.62976757 1.4222672  1.93482644 1.37421562 0.83057936
  0.44747742 1.24610069 0.64898786 0.         0.         0.        ]][[0.         0.         0.42612293 0.60435563 0.         0.
  0.         0.         0.         0.46844356 0.92534776 1.18447818]
 [0.         0.         0.         0.         0.         0.
  0.         0.         0.         0.         0.86344884 1.14535709]
 [0.         0.         0.         0.         0.         0.
  0.         0.         0.         0.         0.         0.80308694]
 [0.         0.         0.         0.         0.         0.
  0.         0.         0.         0.         0.         0.63677818]
 [0.         0.         0.         0.         0.         0.
  0.         0.         0.         0.         0.         0.        ]
 [0.         0.         0.         0.         0.         0.
  0.         0.         0.         0.         0.         0.        ]
 [0.         0.         0.         0.         0.         0.
  0.         0.         0.         0.         0.         0.        ]
 [0.         0.         0.         0.         0.         0.
  1.70274801 1.08739704 0.27851626 0.85652908 0.53751354 0.        ]
 [0.         0.         0.         0.         2.28938554 0.88850002
  1.55651701 1.03818879 0.         0.         0.         0.        ]
 [0.         0.         0.         0.         1.86636972 0.
  0.         0.         0.         0.         0.         0.        ]
 [0.         0.         0.         0.         0.         0.
  0.         0.         0.         0.         0.         0.        ]
 [0.         0.         0.         0.         0.         0.
  0.         0.         1.04911312 0.         0.         0.        ]][[0.         0.         0.         0.         0.         0.
  0.         0.         0.         0.         0.         0.        ]
 [0.         0.         0.         0.         0.         0.
  0.         0.         0.         0.         0.         1.16474194]
 [0.         0.         0.         1.14611837 0.64985889 0.
  0.         0.         0.         0.         0.28328851 1.78665588]
 [0.         0.         0.         0.         0.         0.
  0.         0.         0.         0.         0.         1.59211065]
 [0.         0.         0.         0.         0.         0.47674825
  0.         0.         0.         0.         0.         1.08945111]
 [0.         0.         0.         0.         0.         0.
  0.         0.         0.1029398  0.         0.         0.        ]
 [0.         0.         0.         0.         0.15161358 0.04325957
  0.         0.         0.         0.         0.         0.        ]
 [0.         0.         0.         0.         0.         0.
  0.         0.         0.         0.         0.         0.69000487]
 [0.         0.         0.         0.         0.         0.
  0.         0.         0.         0.         0.         0.        ]
 [0.         0.         0.         0.         0.         0.
  0.         0.         0.         0.         0.         0.        ]
 [0.         0.         0.         0.         0.         0.
  0.         0.         0.         0.         0.         0.        ]
 [0.         0.         0.89649942 1.55100799 1.54892748 0.89455289
  0.30921039 0.         0.         0.         0.         1.96663355]][[0.         0.         0.         0.         0.         0.
  1.70203768 2.24833408 0.         0.         0.11045617 0.        ]
 [0.         0.         0.         0.         0.         2.37341979
  0.08870052 1.20616979 1.03430084 0.         0.         0.        ]
 [0.         0.         0.         0.         0.         0.52957217
  3.54927626 3.64219431 1.88407221 0.         0.         0.        ]
 [0.         0.         0.         0.         0.         0.
  2.39844903 3.23557775 3.08291951 0.32987486 0.         0.        ]
 [0.13017661 0.         0.         0.20826396 0.         0.
  0.         0.         4.29960025 2.44411746 0.         0.        ]
 [0.         0.         0.         0.         0.         0.10710208
  0.         0.         1.93261896 1.81424676 0.         0.        ]
 [1.59791291 0.         0.         0.         0.         0.
  0.         0.         0.         0.         0.         0.        ]
 [3.02877691 0.         0.         0.         0.         0.
  0.         0.         0.         0.         0.         0.        ]
 [0.         0.         0.         0.         0.         0.
  0.         0.         0.         0.         0.         0.        ]
 [0.         0.         0.         0.         0.         0.
  0.71474789 0.         0.42593353 0.70324571 0.         0.        ]
 [0.         0.         0.         0.         0.         0.
  0.         0.         0.         0.48142955 0.70611731 0.        ]
 [0.         0.41520069 0.         0.         0.         0.
  0.         0.         0.         0.         0.         0.        ]][[0.         0.         0.         0.         0.         0.
  1.72713063 0.         0.         0.16935325 0.         0.        ]
 [0.         0.         0.         0.         0.         0.
  0.         0.         0.         0.07977518 0.         0.        ]
 [0.         0.         0.         0.         0.         0.
  0.         2.50830844 0.82170746 0.49014735 0.         0.        ]
 [0.         0.         0.         0.         0.         0.
  0.         2.97820434 2.30001576 0.71314491 0.         0.        ]
 [0.         0.         0.         0.         0.         0.
  0.         0.22865047 3.1586033  0.         0.         0.        ]
 [0.         1.61423228 0.         0.46423688 0.         0.
  0.         0.         1.86699987 1.40643192 0.         0.        ]
 [0.         0.47266123 0.06354133 0.         0.         0.
  0.         0.         0.43816597 1.98194144 0.         0.        ]
 [0.         2.4925392  0.         0.         0.         0.
  0.         0.         0.         0.         0.         0.        ]
 [0.         0.28902842 0.         0.         0.         0.
  0.         0.         0.         0.         0.         0.        ]
 [0.         0.         0.         0.         0.         0.
  0.0579161  0.         0.         0.         0.         0.        ]
 [0.         0.         0.         0.         0.         0.95528816
  0.         0.         1.18369814 0.         0.         0.        ]
 [0.         0.         0.         0.         0.         0.46231645
  0.         0.         0.         0.         0.         0.        ]][[0.         0.         0.         0.         0.         0.
  0.         0.         0.         0.         0.24963351 0.        ]
 [0.         0.         0.         0.         0.         0.
  0.         0.         0.         0.         0.         0.        ]
 [0.         0.         0.         0.         0.         0.
  0.         0.         0.         0.         0.         0.        ]
 [0.         0.         0.         0.         0.         2.87819269
  0.         0.         0.         0.         0.         0.        ]
 [0.         0.         0.         0.         0.         0.71881865
  0.         0.         0.         0.         0.         0.        ]
 [0.         0.         0.07951768 0.64620298 0.49078681 1.70315006
  0.         0.         0.         0.         0.         0.        ]
 [0.         0.         0.         0.         0.         0.
  0.         0.         0.         0.         0.         0.        ]
 [0.         0.         0.         0.         0.         0.
  0.         0.         0.         0.         0.         0.        ]
 [0.         0.         0.         0.         0.         0.
  0.         0.         0.         0.         0.         0.        ]
 [0.         0.         0.         0.         0.         0.
  0.         0.09382576 0.         0.         0.         0.        ]
 [0.         0.         0.         0.42494444 0.         0.
  0.         0.         0.         0.         0.         0.        ]
 [0.94375063 0.         1.60052991 2.08805365 1.70499947 1.57261413
  0.88445776 1.14065787 2.04703133 3.09065116 3.96795089 0.        ]][[0.         0.         0.         0.         0.         0.
  0.         0.         0.98739821 0.18235143 0.         0.        ]
 [0.         0.         0.         0.         0.         0.
  0.         0.         0.         0.59346977 0.02796816 0.        ]
 [0.         0.         0.         0.         0.         0.
  0.         0.         0.         0.69519051 0.         0.        ]
 [0.         0.         0.         0.         0.         0.
  0.         0.         0.         0.31191352 0.         0.        ]
 [0.         0.         0.         0.         0.         0.
  0.         0.         0.         0.         0.         0.        ]
 [0.         0.         0.         0.         0.         0.
  0.         0.         0.         0.         0.         0.        ]
 [0.         0.         0.         0.         0.         0.
  0.         0.         0.         0.         0.         0.        ]
 [0.         0.         0.         0.         0.         0.
  0.         0.         0.         0.         0.         0.        ]
 [0.         0.         0.         0.         0.         0.
  0.         0.         0.         0.         0.         0.        ]
 [0.         0.         0.         0.         0.         0.
  0.         0.         0.         0.         0.90036605 0.        ]
 [0.         0.         0.         0.         0.         0.
  0.62070722 0.         0.         0.         0.         0.        ]
 [0.         0.         0.         0.         0.         0.
  0.         0.         0.         0.         0.         0.        ]][[3.73481981 0.         0.         0.         0.67786987 0.
  0.         0.         0.         0.         0.6099338  0.        ]
 [0.         0.         0.         0.         0.         0.
  0.         0.         0.         0.         0.         0.        ]
 [0.         0.         0.         0.         0.         0.
  0.         0.         0.         0.         0.         0.        ]
 [0.         0.         0.         0.         0.         0.
  0.         0.         0.         0.         0.         0.        ]
 [0.         0.         0.         0.         0.         0.
  0.         0.         0.         0.         0.         0.        ]
 [0.6422457  0.         0.         0.44692183 0.         0.
  0.         0.         0.         0.         0.         0.        ]
 [0.46824372 0.         0.         0.53673071 0.         0.
  0.         0.         0.         0.         0.         0.        ]
 [3.01766387 0.         0.         0.         0.         0.
  0.         0.         0.         0.         0.         0.        ]
 [4.39408946 0.         0.         0.         0.         0.
  0.         0.         0.         0.         0.         0.        ]
 [0.8525127  0.         0.         0.         0.         0.
  0.         0.         0.         0.         0.         0.        ]
 [0.         0.         0.         0.         0.         0.
  1.07743544 1.33283835 0.         0.         0.         0.        ]
 [0.         0.         0.         0.         0.         0.
  0.1504806  0.         0.         0.         0.         0.        ]][[0.6978519  0.         0.         0.         0.         0.
  0.         0.         0.         0.         0.         0.        ]
 [0.         0.         0.         0.         0.         0.
  0.         0.         0.         0.21051121 0.77775189 1.34063583]
 [0.         0.         0.         0.         0.         0.
  0.         0.         0.         0.14264951 0.         0.        ]
 [0.         0.         0.         0.         0.         0.
  0.         0.         0.         0.         0.         0.        ]
 [0.         0.         0.         0.         0.         0.
  0.         0.         0.         0.         0.         0.        ]
 [0.         0.         0.         0.         0.         0.
  0.         0.         0.         0.         0.         0.        ]
 [0.         0.         0.         0.         0.         0.
  0.         0.         0.         0.         0.18723986 0.        ]
 [0.         0.         0.         0.         0.         0.
  0.         0.         0.         0.         0.         0.        ]
 [0.         0.         0.         1.38182211 3.9790109  0.5664132
  0.         0.         0.         0.         0.         1.73912881]
 [0.         0.         0.         2.78102111 3.3770601  0.
  0.         0.         0.         0.         0.         0.48949657]
 [0.         0.         0.         0.         0.53696098 0.
  0.         0.         0.         0.         0.         0.        ]
 [0.08569239 1.33639665 0.02365833 0.         0.43477781 0.
  0.         0.         0.         0.         0.         0.        ]][[0.         0.         0.         0.         0.         0.
  0.         0.42728127 1.5925658  0.68035093 1.64299475 0.        ]
 [0.         0.         0.         0.         0.         0.
  0.         0.         0.         1.6554642  0.71401835 0.        ]
 [0.         0.         0.         0.         0.         0.
  0.         0.         0.         0.         0.         0.        ]
 [0.         0.         0.         0.         0.         0.
  0.         0.         0.         0.         0.         0.        ]
 [0.         0.         0.         0.         0.         0.
  0.         0.         0.         0.         0.         0.        ]
 [0.         0.         0.         0.         0.         0.
  0.         0.         0.         0.         0.         0.        ]
 [0.         0.         0.         0.         0.         0.
  0.         0.         0.         0.         0.         0.        ]
 [0.         0.         0.         0.         0.         0.
  0.27785098 0.         0.         0.         0.         0.        ]
 [0.         0.         0.         0.         0.7942314  0.99735226
  0.41643083 0.         0.         0.         0.         0.        ]
 [0.         0.         0.         0.         0.         0.
  0.         0.         0.         0.         0.         0.        ]
 [0.         0.         0.         0.         0.         0.
  0.         0.         0.         0.         0.         0.        ]
 [0.48756389 0.         1.22919162 0.         0.         0.
  0.         0.         0.16954974 0.40920798 0.35667774 0.79134888]][[3.35522311 0.         0.         0.         0.         6.23223637
  4.49099903 0.22333182 0.         0.         0.         0.        ]
 [0.         0.         0.         0.         0.         0.
  0.         0.         0.         0.         0.         0.        ]
 [0.         0.         0.         0.         0.         0.
  0.56602487 0.50646957 0.         0.         0.         0.        ]
 [0.         0.         0.         0.         0.         1.33432745
  1.79796    0.59421541 0.         0.         0.         0.        ]
 [0.         0.         0.         0.         0.         2.9829837
  0.39997812 0.         0.         0.         0.         0.        ]
 [0.         0.         0.         0.         1.8677109  2.67270965
  0.         0.         0.         0.         0.         0.        ]
 [0.         0.21979096 2.72811638 1.12823617 0.         0.
  0.         0.         0.         0.         0.         0.        ]
 [0.         1.76771307 3.61434266 0.         0.         0.
  0.         0.         0.         0.         0.         0.        ]
 [0.         0.9364019  1.96652077 0.         0.         0.
  0.         0.         0.         0.         0.82550435 0.        ]
 [0.         0.         0.         0.         0.         0.
  0.         0.         0.         0.         0.         0.        ]
 [0.         0.         0.         0.         0.         0.
  0.         0.         0.         0.         0.         0.        ]
 [0.         0.         0.         0.         0.         0.
  0.         0.         0.         0.         0.         0.        ]][[0.         0.         0.         0.         0.         0.
  0.         0.         2.66750238 0.         0.         0.        ]
 [0.         0.         0.         0.         0.         0.
  0.         0.         0.         0.         0.         0.        ]
 [0.         0.         0.         0.         0.         0.
  0.         0.         0.         0.         0.         0.        ]
 [0.         0.         0.         0.         0.         0.
  0.         0.         0.         0.         0.         0.        ]
 [0.         0.         0.         0.         0.         0.
  0.         0.         0.         0.         0.         0.        ]
 [0.         0.         0.         0.         0.         0.
  0.         0.         0.         0.         0.         0.        ]
 [0.         0.         0.         0.         0.         0.
  0.         0.         0.         0.         0.         0.        ]
 [0.         0.         0.         0.         0.         0.
  0.         0.         0.         0.         0.         0.00382894]
 [0.         0.         0.         0.         0.         0.
  0.         0.         0.         0.         0.         0.        ]
 [0.         0.         0.         0.         0.         0.
  0.         0.         0.         0.         0.         0.        ]
 [0.         0.         0.         0.         0.         0.
  0.         0.02189011 0.7334491  0.         0.         0.        ]
 [0.         0.         0.         0.         0.         0.
  0.         0.         0.26649838 0.         0.         0.        ]][[0.         0.         0.         0.         0.         0.
  0.         0.         0.         0.         0.         0.        ]
 [0.         0.         0.         0.         0.         0.
  0.         0.         0.         0.         0.         0.        ]
 [0.         0.         0.         0.         0.         0.
  0.         0.         0.         0.         0.         0.        ]
 [0.         0.         0.         0.         0.         0.
  2.377511   1.01258893 0.         0.         0.         0.        ]
 [0.         0.         0.         0.         0.         0.
  0.93393865 1.91891053 0.         0.         0.         0.        ]
 [0.         0.         0.         0.         0.         0.
  0.52080786 2.33619885 0.         0.         0.         0.        ]
 [0.         2.36190841 2.85967629 0.         0.         0.
  0.         0.         0.         0.         0.         0.        ]
 [0.         1.17375952 0.         0.         0.         0.
  0.         0.         0.         0.         0.         0.        ]
 [0.         0.         0.         0.         0.         0.
  0.         0.         0.         0.         0.         0.        ]
 [0.         0.         0.         0.         2.96691061 0.36707178
  0.         0.         0.         0.         0.         0.        ]
 [0.         0.         0.         1.02837942 2.2400853  0.40529731
  0.         0.         0.         0.         0.         0.        ]
 [0.         0.         0.         0.         0.         0.
  0.         0.         0.         0.         0.         0.        ]][[0.         0.         0.         0.         0.         0.
  0.         0.         0.         0.         0.         1.55784578]
 [0.         0.         0.         0.         0.         0.
  0.         0.         0.         0.         0.         0.02065922]
 [0.         0.         0.         0.         0.         0.
  0.         0.         0.         0.         0.         0.3277811 ]
 [0.         0.         0.         0.         0.         0.
  0.         0.         0.         0.         0.         0.42224172]
 [0.         0.         0.         0.         0.         0.
  0.         0.         0.         0.         0.         0.59966581]
 [0.         0.         0.         0.         0.         0.
  0.         0.         0.         0.         0.         0.10256687]
 [0.         0.         0.         0.         0.         0.54923538
  0.         0.         0.         0.         0.         0.        ]
 [0.94103928 0.         0.         0.         0.         0.
  0.         0.         0.         0.         0.         0.        ]
 [3.75847544 0.         0.         0.         0.         0.
  0.         0.         0.         0.         0.         0.        ]
 [6.06081632 0.         0.         0.         0.         0.
  0.         0.         0.         0.         0.         0.        ]
 [3.61102688 0.         0.         0.         0.         0.
  0.         0.         0.         0.         0.         0.        ]
 [0.         0.         0.         0.         0.         0.
  0.         0.         0.         0.         0.         0.        ]][[0.         0.         0.         0.         0.         0.
  0.         0.         0.         0.         0.         0.        ]
 [0.         0.4585377  0.         0.         0.         0.
  0.         0.         0.         0.         0.         0.        ]
 [0.         4.19155879 0.         0.         0.         0.
  0.         0.         0.         0.         0.         0.        ]
 [0.         3.71703733 0.         0.         0.         0.
  0.         0.         0.         0.         0.         0.        ]
 [0.         1.91021167 0.44756392 0.         0.         0.
  0.         0.         0.         0.         0.         0.        ]
 [0.0775951  2.76111271 0.         0.         0.         0.
  0.         0.         0.         0.         0.         0.        ]
 [0.         4.42303275 0.         0.         0.         0.
  0.         0.         0.         0.97163511 0.         0.        ]
 [0.         0.         0.         0.         0.         0.
  0.         0.         0.15612595 0.         0.         0.        ]
 [0.         0.         0.         0.         0.30052408 0.
  0.         0.         0.         0.         0.         0.        ]
 [0.         0.         0.         0.         0.         0.
  0.         0.         0.         0.         0.         1.26485971]
 [0.75015185 1.20349774 0.         0.         0.         0.
  0.         0.         0.         0.         0.         0.        ]
 [2.81329287 0.         0.         0.         0.         0.
  0.         0.         0.         0.         0.         0.        ]][[0.         0.         0.         0.         0.         0.
  0.         0.         0.         0.         0.         0.        ]
 [0.         0.         0.         0.         0.         1.11760547
  0.         0.         0.         0.         0.         0.        ]
 [0.         0.         0.         0.09295453 0.         0.
  0.         0.         0.         0.16089841 0.         0.        ]
 [0.         1.99552675 0.         0.         0.         0.
  0.         0.         0.         0.         0.         0.        ]
 [0.         0.05981773 0.         0.         0.         0.
  0.         0.         0.         0.         0.         0.        ]
 [0.         0.20156417 0.         0.         0.         0.
  0.         0.         0.         0.         0.         0.        ]
 [0.         0.         0.         0.         0.         0.
  0.         0.         0.         0.         0.         0.        ]
 [0.         0.         0.         0.         0.         0.
  0.         0.         0.         0.         0.         0.        ]
 [0.         0.         0.         0.         0.         0.
  0.48298845 0.         0.         0.         0.         0.        ]
 [0.         0.         0.         0.         0.         0.
  0.         0.         0.         0.         0.         0.        ]
 [0.         0.         0.         0.         0.         0.
  0.         0.         0.99334064 2.66169323 0.         0.        ]
 [1.73320886 0.59923333 0.         0.         0.11983146 0.01746025
  0.         0.71270401 2.28680776 3.352378   2.32075201 1.03498957]][[0.         0.         0.         0.         0.         2.10617436
  0.         0.         1.25838727 0.79265341 0.40462125 0.        ]
 [0.         0.         0.         0.         0.         0.
  0.         0.         0.         0.         0.         0.        ]
 [0.         0.         0.         0.         0.         0.
  0.         0.         0.         0.19408355 0.         0.        ]
 [0.         0.         0.         0.         0.         0.
  0.         0.         0.         0.         0.         0.        ]
 [0.         0.         0.         1.43512544 0.         0.
  0.         0.         0.         0.         0.08073637 0.        ]
 [0.         0.         0.         1.33672844 0.         0.
  0.         0.         0.         0.         0.         0.        ]
 [0.         0.         0.         1.41093387 0.         0.
  0.         0.         0.         0.         0.         0.        ]
 [0.         0.         0.         0.         0.         0.
  0.         0.         0.         0.         0.         0.        ]
 [0.         0.         0.         0.         0.         0.
  0.         0.         0.         0.         0.         0.        ]
 [0.         0.         0.         0.         0.         0.
  0.         0.         0.82284786 0.3013262  0.         0.        ]
 [0.         0.         0.         0.         0.         0.
  0.         0.         0.18356375 0.         0.         0.        ]
 [0.         0.         0.         0.         0.         0.
  0.         0.         0.         0.         0.         0.        ]][[0.         0.         0.         0.         0.         0.
  0.         0.         0.         0.         0.         0.        ]
 [0.32927563 1.84757484 3.1816696  2.23986762 0.         0.
  0.         0.         0.         0.         0.         0.        ]
 [1.73152787 4.390032   6.4145087  5.56917202 0.24957067 0.
  0.         0.         0.         0.         0.         0.        ]
 [1.07962309 3.88168462 5.05323081 3.37751013 0.         0.
  0.         0.         0.         0.         0.         0.        ]
 [0.         0.0244841  2.46541669 1.94039641 0.         0.
  0.         0.         0.         0.         0.         0.        ]
 [0.         0.         0.49931774 0.44017662 0.         0.
  0.         0.         0.         0.         0.         0.        ]
 [0.         0.         0.         0.         0.         0.
  0.         3.0522459  0.         0.         0.         0.        ]
 [0.         0.         0.         0.         0.         0.
  0.         2.16239648 0.51538187 0.         0.         0.        ]
 [0.         0.         0.         0.         0.         0.
  0.         0.         0.         0.         0.         0.8069951 ]
 [0.         0.         0.         0.         0.27809946 0.0434608
  0.         0.         0.         0.         0.         0.51102101]
 [0.         0.         0.         0.         0.50658067 0.
  0.         0.         0.         0.         0.         0.        ]
 [0.         0.         0.         1.50898949 1.33763977 0.1122746
  0.         0.         0.         0.90901413 1.17291807 1.83657754]][[0.         0.         0.         0.         0.         0.
  0.         0.         0.         0.         0.         0.        ]
 [0.         0.         0.         1.96716178 0.19387945 0.
  0.         0.         0.         0.         0.         0.        ]
 [0.60448092 0.         0.29155926 2.70671705 1.90595822 0.
  0.         0.         0.         0.         0.         0.        ]
 [1.47057    0.         0.         1.63299562 0.89493991 0.
  0.         0.         0.         0.         0.         0.        ]
 [0.         0.         0.         0.         0.         0.
  0.         0.         0.         0.         0.         0.        ]
 [0.         0.         0.         0.         0.         0.
  0.         0.         0.         0.         0.         0.        ]
 [0.         0.         0.         0.         0.         0.
  0.         0.         0.         0.         0.         0.        ]
 [0.         0.         0.         0.         0.         0.
  0.         0.         0.         0.         0.         0.        ]
 [0.         0.         0.         0.         0.         0.
  0.         0.         0.         0.         0.         0.        ]
 [0.         0.         0.         0.         0.         0.
  0.         0.         0.         0.         0.         0.        ]
 [0.19850097 0.         0.         0.         0.         0.
  0.         0.         0.         0.         0.         0.        ]
 [0.40604092 0.         0.         0.         0.         0.
  0.         0.         0.         0.16877085 0.4134244  0.        ]][[0.         0.         0.         0.         0.         0.
  0.         0.         0.         0.         0.         0.        ]
 [0.         0.         0.         0.         0.         0.
  0.         0.         0.         0.         0.         2.13198254]
 [0.         0.         0.         0.         0.         0.
  0.         0.         0.         0.         0.         1.42368079]
 [0.         0.         0.         0.         0.         0.
  0.         0.         0.         0.         0.         1.11881788]
 [0.         0.         0.         0.         0.         0.
  0.         0.         0.         0.28197493 0.         1.05789199]
 [0.         0.         0.         0.         0.         0.
  0.         0.         0.         0.         0.         1.7956398 ]
 [0.         0.         0.         0.         0.         0.
  0.         0.         0.         0.33933375 0.96456647 3.31289227]
 [0.         0.         0.         0.         0.         0.
  0.         0.         0.         0.         2.11551591 3.00465258]
 [0.         0.         0.         0.         0.         0.91766547
  0.85000873 0.         0.         0.         0.2287269  1.1835288 ]
 [0.         0.         0.         0.         0.         1.01468031
  0.54826875 0.42753107 0.         0.07046117 0.         1.99853039]
 [0.         0.         0.         0.         0.         0.
  0.         0.16576001 0.         0.         0.         2.90979461]
 [0.07800835 0.         0.         0.20909153 1.02388406 0.627435
  0.26020341 0.13488773 0.         0.24570457 1.50785064 2.32758177]][[0.         0.         0.         0.         0.         0.
  0.         0.         0.         1.37216384 0.         0.        ]
 [0.         0.         0.         0.         0.         0.
  0.         0.         0.         0.         0.         0.        ]
 [0.         0.         0.         0.         0.         0.
  0.         0.         0.         0.         0.         0.        ]
 [0.         0.         0.         0.         0.         0.
  0.         0.         0.         0.         0.         0.        ]
 [0.         0.         0.         0.         0.79984095 0.
  0.         0.         0.         0.         0.         0.        ]
 [0.         0.         0.         0.         0.         0.
  0.         0.         0.         0.         0.         0.        ]
 [0.         3.07471619 1.48408208 0.44669798 0.         0.
  0.         0.         0.         0.27066236 0.94853051 0.        ]
 [0.         0.         0.         0.         0.         0.
  0.         0.         0.         0.         0.         0.        ]
 [0.         0.         0.         0.         0.         0.
  0.         0.         0.         0.         0.         0.        ]
 [0.         0.         0.         0.         0.         0.
  0.         0.         0.         0.         0.         0.        ]
 [0.         0.         0.         0.         0.         0.
  0.         0.         0.         0.         0.         0.        ]
 [0.         0.         0.         0.         0.         0.
  0.         0.         0.         0.         0.         0.        ]][[0.         0.         0.         0.         0.         0.
  0.         0.         0.         1.16130335 1.5740929  0.        ]
 [0.         0.         0.         0.         0.         0.
  0.         0.         0.         0.         0.         0.        ]
 [0.         0.         0.         0.         0.         0.
  0.         0.         0.         0.         0.         0.        ]
 [0.         0.         0.         0.         0.         0.
  0.         0.         0.         0.         0.         0.        ]
 [0.         0.         0.         0.         0.         0.
  0.         0.         0.         0.         0.         0.        ]
 [0.         0.         0.         0.         0.41166734 0.
  0.         0.         0.         0.         0.         0.        ]
 [0.         0.         0.         1.43998629 2.92227789 0.9872231
  0.         0.         0.         0.         0.         0.        ]
 [0.         0.         0.05608458 1.99138409 3.54798243 1.42881609
  0.         0.08025739 0.         0.         0.         0.        ]
 [0.         0.         0.         0.93113138 0.13648759 0.39556779
  0.         0.         0.         0.         0.         0.        ]
 [0.         0.         0.         0.         0.         0.
  0.         0.         0.         0.         0.         0.        ]
 [0.         0.         0.         0.         0.         0.
  0.         0.         0.         0.         0.         0.        ]
 [0.         0.         0.         0.         0.         0.
  0.03843396 0.         0.         0.         0.         0.        ]][[0.         0.         0.         0.         0.         0.
  0.         0.         0.         0.         0.         0.        ]
 [0.91113704 1.95079494 2.42408494 0.         1.62117767 0.
  0.         0.         0.         0.         0.         0.        ]
 [1.97732109 1.21812658 3.64368196 2.62368598 1.62061449 1.0974251
  0.         0.         0.         0.         0.         0.02580237]
 [2.20643102 0.         0.01720599 0.         0.         0.
  0.         0.         0.         0.         0.         0.        ]
 [0.         0.         0.         0.         0.         0.
  0.         0.         0.         0.         0.         0.        ]
 [0.         0.         0.         0.28073389 0.         0.
  0.         0.         0.         0.         0.         1.2890185 ]
 [0.         0.         0.         0.         0.         0.
  0.         0.         0.         0.         0.         0.14590646]
 [0.         0.         0.         0.         0.         0.
  0.         0.         0.         0.         0.         0.        ]
 [0.         0.         0.         0.         0.         0.
  0.         0.04718692 0.         0.         0.         0.        ]
 [0.         0.         0.         0.         0.         0.
  0.081979   0.         0.         0.1838853  0.         1.63836899]
 [0.         3.39162514 0.         0.         0.         0.
  0.         0.         0.         0.19689717 0.19282309 3.80650062]
 [1.88260087 4.73391819 0.70977864 0.         0.         0.02419416
  0.44142361 1.02455143 0.         0.         0.26039731 2.02594833]][[0.00000000e+00 0.00000000e+00 0.00000000e+00 0.00000000e+00
  9.54173885e-01 0.00000000e+00 0.00000000e+00 1.87648449e+00
  1.85412850e-01 0.00000000e+00 0.00000000e+00 0.00000000e+00]
 [0.00000000e+00 0.00000000e+00 0.00000000e+00 0.00000000e+00
  0.00000000e+00 0.00000000e+00 0.00000000e+00 7.40557389e+00
  1.75953790e+00 0.00000000e+00 0.00000000e+00 3.58157959e-01]
 [0.00000000e+00 0.00000000e+00 0.00000000e+00 0.00000000e+00
  0.00000000e+00 0.00000000e+00 0.00000000e+00 5.28457975e+00
  2.99966236e+00 0.00000000e+00 6.99531017e-02 3.30486545e-01]
 [0.00000000e+00 0.00000000e+00 0.00000000e+00 0.00000000e+00
  0.00000000e+00 7.07411001e-01 1.74637063e+00 4.36051338e+00
  1.34705064e+00 9.53144800e-01 2.86814336e-02 5.25806466e-01]
 [0.00000000e+00 0.00000000e+00 0.00000000e+00 0.00000000e+00
  0.00000000e+00 0.00000000e+00 1.86086561e+00 9.93637624e-01
  7.49093199e-02 1.81284409e+00 5.78740308e-01 2.52267413e-01]
 [0.00000000e+00 0.00000000e+00 0.00000000e+00 0.00000000e+00
  0.00000000e+00 0.00000000e+00 0.00000000e+00 1.30039327e+00
  7.10798423e-01 2.08752630e+00 0.00000000e+00 0.00000000e+00]
 [0.00000000e+00 0.00000000e+00 0.00000000e+00 0.00000000e+00
  0.00000000e+00 0.00000000e+00 0.00000000e+00 9.02933449e-01
  0.00000000e+00 0.00000000e+00 0.00000000e+00 0.00000000e+00]
 [0.00000000e+00 0.00000000e+00 0.00000000e+00 0.00000000e+00
  0.00000000e+00 0.00000000e+00 2.41302199e+00 2.32841387e+00
  0.00000000e+00 0.00000000e+00 0.00000000e+00 0.00000000e+00]
 [0.00000000e+00 0.00000000e+00 0.00000000e+00 0.00000000e+00
  0.00000000e+00 1.13765347e+00 2.27197303e+00 4.14399688e-01
  0.00000000e+00 0.00000000e+00 0.00000000e+00 0.00000000e+00]
 [0.00000000e+00 0.00000000e+00 0.00000000e+00 0.00000000e+00
  1.08767232e+00 3.11395739e+00 7.67030992e-01 2.65530969e-02
  0.00000000e+00 0.00000000e+00 0.00000000e+00 0.00000000e+00]
 [0.00000000e+00 0.00000000e+00 0.00000000e+00 1.82181178e+00
  1.33418935e+00 8.76797453e-01 6.06686393e-01 4.43312067e-03
  0.00000000e+00 0.00000000e+00 0.00000000e+00 0.00000000e+00]
 [0.00000000e+00 1.24798367e-01 5.46730154e-01 5.72163737e-01
  0.00000000e+00 0.00000000e+00 0.00000000e+00 0.00000000e+00
  0.00000000e+00 0.00000000e+00 0.00000000e+00 0.00000000e+00]][[0.         0.         0.         0.         0.         0.
  0.         0.         0.6915068  0.         0.         0.        ]
 [0.         2.6009301  0.         0.         0.         0.
  0.         1.24304103 1.25810818 0.         0.         0.61873691]
 [0.         4.69331084 0.         0.         0.         0.
  0.         0.63893116 3.54808037 1.62329001 0.         1.40608628]
 [0.         4.29719966 0.         0.         0.         0.
  0.         0.         0.85511768 1.4595857  0.         1.64002088]
 [0.         3.66141295 0.         0.         0.         0.
  0.         0.         0.         0.40698353 0.         1.53981839]
 [0.49950838 4.38311601 1.85821976 0.         0.         0.
  0.         0.         0.         0.75920842 0.         1.64059104]
 [1.47562737 6.90900018 1.56862162 0.         0.         0.
  0.         0.         0.         0.48924551 0.         1.99386686]
 [2.44598702 7.48449162 0.05659985 0.         0.         0.
  0.         0.         0.         0.         0.         1.88257966]
 [2.95378059 5.82129013 0.         0.         0.         0.
  0.         0.         0.         0.         0.         2.58037044]
 [2.31162673 3.25906341 0.14664567 0.         0.         0.
  0.         0.         0.         0.         0.         2.54876763]
 [1.34496977 0.65383136 0.         0.08769029 0.         0.
  0.         0.         0.         0.         0.         2.30977577]
 [0.88366379 0.         0.         0.         0.         0.
  0.         0.         0.         0.         0.         0.        ]][[2.54021629 0.         0.         0.         0.         0.
  0.         0.         0.         0.         0.         0.        ]
 [0.         0.         0.         0.         0.         0.
  0.         0.         0.         0.17467704 0.03595804 0.        ]
 [1.63158811 0.         0.         0.         0.         0.
  0.         0.         0.         0.23924788 0.46645056 0.08994825]
 [2.64677715 0.76489792 0.         0.3923878  0.         0.
  0.         0.         0.         0.07024743 0.96508425 0.02667779]
 [4.5265361  1.18975412 0.         0.         0.         0.
  0.         0.         0.         0.05563226 1.16938636 0.22237727]
 [6.14883557 2.1341948  0.3876341  0.         0.         0.
  0.         0.         0.         0.         0.30129538 0.12477928]
 [6.46550696 4.89771208 0.30245966 0.         0.         0.
  0.         0.         0.         0.         0.         0.        ]
 [5.63068749 6.49875447 0.         0.         0.         0.
  0.         0.         0.         0.         0.         0.        ]
 [4.92654609 4.50655108 0.         0.         0.         0.
  0.         0.         0.         0.         0.         0.        ]
 [2.94720535 0.70438345 0.         0.         0.         0.
  0.         0.         0.         0.         0.         0.        ]
 [0.         0.         0.         0.         0.         0.
  0.         0.         0.         0.         0.         0.        ]
 [0.         0.         0.         0.         0.         0.
  0.         0.         0.         0.         0.         0.        ]][[0.         0.         0.         0.         0.         0.
  0.         0.         1.03658775 1.15927271 0.         0.        ]
 [0.         0.         0.         0.         0.         0.
  0.         0.         0.         0.97783779 0.         0.        ]
 [0.         0.         0.         0.         0.         0.
  0.         0.         0.         1.60367368 0.         0.        ]
 [0.         0.         0.         0.         0.         0.
  0.         0.         0.         0.44076553 0.         0.        ]
 [0.         0.         0.41450255 0.19905165 0.         0.
  0.         0.         0.         0.         0.         0.        ]
 [0.         0.         0.         0.         0.         0.
  0.         0.         0.         0.         0.         0.        ]
 [0.         0.         0.         0.         0.         0.
  0.         0.         0.         0.         0.         0.        ]
 [0.         0.         0.         0.         0.         0.
  0.         0.         0.         0.         0.         0.        ]
 [0.         0.         0.         0.         0.         0.
  0.         0.         0.         0.         0.         0.        ]
 [0.         0.         0.         0.         0.         0.
  0.62739077 0.35254237 0.         0.         0.         0.        ]
 [0.         0.         0.         0.         0.         0.
  0.         0.         0.         0.         0.         0.        ]
 [0.         0.         0.         0.         0.         0.
  0.         0.         0.         0.         0.         0.69685649]]