[[1.75142933 2.12377364 1.81345297 1.51264988 1.0128213  0.59884192
  1.04723876 2.27258729 2.30133647 1.53652122 1.54036136 1.45722301]
 [1.20352239 1.07841791 0.21811936 0.         0.         0.
  0.26578354 1.14153792 1.60376343 1.60499779 1.26664032 1.22175185]
 [0.70124451 1.06562524 1.87956508 2.00326476 1.9694678  1.27058765
  1.05069817 1.11886726 1.46215252 1.77090833 1.36153328 1.41844774]
 [1.15067717 1.79217049 2.60698338 3.05551955 2.78701353 1.90984265
  1.53534638 1.4470779  1.06664965 1.70800086 1.37946684 1.42082093]
 [1.1835667  1.49662095 1.41514506 1.4184658  1.22873472 0.6550076
  1.10587985 1.36715945 0.83510372 1.73180559 1.5542069  1.45936865]
 [1.14675888 1.44686887 1.32377178 1.43663324 1.03042631 0.54033722
  1.41267985 1.44321892 0.72137098 1.46730898 1.80233894 1.57171475]
 [1.51003879 1.48907718 1.35427708 1.52023131 1.59778918 0.60007398
  1.23124378 1.6550403  0.77115423 0.89657    1.56873538 1.75624745]
 [1.51490928 1.83703069 1.23250199 1.67671548 1.80726902 0.91571112
  0.837131   1.20127125 1.03335324 0.87337979 1.09004854 1.3981863 ]
 [0.9975031  1.67722892 0.75942784 0.65513682 1.19965466 1.14574129
  1.14070496 1.0329239  1.25367985 1.07336789 0.88492027 0.74621163]
 [0.57269662 1.38949813 0.1355308  0.34651744 1.29311103 1.35795213
  1.37921675 1.31348364 1.3192846  1.32111495 1.20458754 0.92912774]
 [0.62996679 0.89538095 0.40644949 0.99601789 1.53789411 1.4216616
  1.37879638 1.19180744 1.06764681 1.05477409 1.0321156  0.81393671]
 [0.94432056 1.25879211 0.71950059 0.84656946 1.05918903 1.00015445
  0.99602383 0.77645167 0.67083002 0.77726093 0.90200449 1.14352444]][[0.55478693 0.49944768 0.24806139 0.55213921 0.69444393 0.08804092
  0.         0.         0.         0.18142862 0.19331216 0.27949238]
 [0.91382485 0.9518617  1.18041135 1.75929346 1.16823077 0.41532634
  0.         0.         0.         0.         0.05828085 0.17321077]
 [1.01994508 0.86647194 0.51760815 0.84443018 0.27508152 0.
  0.         0.         0.         0.         0.05183257 0.19596195]
 [0.61730577 0.26169897 0.         0.0697532  0.         0.
  0.         0.         0.         0.         0.04494757 0.22486585]
 [0.67266571 0.375507   0.54838819 0.54523589 0.1622551  0.
  0.         0.         0.07508916 0.         0.1058201  0.2395579 ]
 [0.64871604 0.37433686 0.43332174 0.27388385 0.         0.
  0.         0.         0.         0.         0.         0.11248238]
 [0.35386837 0.         0.14366541 0.         0.         0.
  0.         0.         0.         0.         0.         0.        ]
 [0.38151298 0.         0.         0.         0.         0.
  0.         0.         0.         0.04218413 0.         0.        ]
 [0.3663856  0.         0.         0.         0.         0.
  0.         0.00865399 0.         0.         0.         0.        ]
 [0.56106601 0.         0.         0.         0.         0.
  0.         0.07360566 0.         0.         0.         0.07983056]
 [0.56935748 0.         0.         0.         0.         0.19580386
  0.28331923 0.38043587 0.32550463 0.23822273 0.2596412  0.60450935]
 [0.51703046 0.01646826 0.41956163 0.23251404 0.08983087 0.51041025
  0.58949296 0.78262029 0.76907653 0.68262506 0.71462161 0.61190774]][[0.         0.         0.28834478 0.40810276 0.45731615 1.08289982
  0.34885423 0.21052223 0.19137438 0.         0.         0.        ]
 [0.         0.         0.01417126 0.67364125 0.98226058 0.82628616
  0.39603903 0.         0.         0.         0.         0.        ]
 [0.         0.16959249 0.86907914 1.22845808 0.71467384 0.32466613
  0.17059113 0.         0.         0.         0.         0.        ]
 [0.07826386 0.46767577 0.83214041 0.85125286 0.39233103 0.01483273
  0.         0.         0.11698246 0.         0.         0.        ]
 [0.03534218 0.1399953  0.00848978 0.         0.         0.
  0.         0.         0.         0.0401734  0.         0.        ]
 [0.01363368 0.02232851 0.         0.06706689 0.         0.
  0.         0.         0.22868379 0.05709104 0.         0.        ]
 [0.34353194 0.         0.         0.         0.         0.
  0.         0.         0.16761036 0.04599501 0.         0.        ]
 [0.24657231 0.         0.         0.         0.         0.
  0.         0.         0.         0.         0.         0.        ]
 [0.         0.         0.         0.         0.         0.
  0.         0.         0.         0.         0.         0.        ]
 [0.         0.         0.         0.         0.         0.
  0.         0.         0.         0.         0.         0.        ]
 [0.         0.         0.         0.         0.         0.
  0.         0.         0.         0.         0.         0.        ]
 [0.06619148 0.06747501 0.         0.         0.         0.
  0.         0.         0.         0.         0.         0.        ]][[0.42992366 0.         0.         0.01707773 0.         0.
  0.         0.         0.         0.         0.         0.01857274]
 [1.08552006 0.69749347 0.         0.         0.         0.
  0.         0.         0.         0.         0.         0.        ]
 [1.19767605 1.12101629 0.41733315 0.43459853 0.         0.
  0.         0.         0.         0.         0.         0.        ]
 [0.79805141 0.82579631 0.56529995 0.71054345 0.25693102 0.
  0.         0.         0.         0.         0.         0.        ]
 [0.4268686  0.01477632 0.23781305 0.17966173 0.         0.
  0.         0.         0.14686372 0.         0.         0.        ]
 [0.34226336 0.         0.         0.09212078 0.         0.
  0.         0.         0.47468392 0.         0.         0.        ]
 [0.04411672 0.         0.         0.         0.         0.
  0.         0.         0.15840811 0.         0.         0.        ]
 [0.         0.         0.         0.         0.         0.
  0.         0.         0.         0.         0.         0.        ]
 [0.26043996 0.         0.         0.         0.         0.
  0.         0.         0.         0.         0.         0.19459894]
 [0.61329761 0.         0.         0.         0.         0.
  0.         0.         0.         0.         0.         0.        ]
 [1.3031706  0.         0.         0.         0.         0.
  0.         0.         0.         0.         0.         0.        ]
 [0.63053056 0.         0.30206097 0.22825485 0.         0.
  0.         0.         0.         0.         0.         0.        ]][[0.95853587 0.98065761 0.77101336 0.68365779 1.02158867 1.49421102
  1.49094266 0.72846658 0.72978095 0.88179707 1.04283104 0.96107114]
 [1.01702117 0.60694415 0.         0.         0.62175851 0.52582034
  0.34843883 0.         0.         0.59734544 0.67755917 0.7157462 ]
 [1.33757537 1.48662769 1.36010217 1.57667962 1.60932464 0.82695094
  0.11410945 0.         0.30541973 0.5413686  0.67186076 0.63742736]
 [1.38069481 1.58769902 1.40505365 1.58643061 1.68977688 1.14448559
  0.10717671 0.23953255 0.52415744 0.22909578 0.62205766 0.6487409 ]
 [1.07869965 0.9019273  0.91365273 0.90434596 1.19855114 1.1351974
  0.         0.06676732 0.53910598 0.16026554 0.5598381  0.68665454]
 [1.07164256 0.8064426  1.04403709 0.88581081 1.16235351 0.88584045
  0.         0.11978335 1.00893032 0.34476049 0.60197318 0.62295539]
 [0.85669531 0.5660367  0.95375808 0.5103401  0.64224521 0.48595277
  0.         0.35093422 1.02002412 0.63247237 0.37440583 0.44011867]
 [0.82342649 0.44929873 1.25607166 0.95100543 0.64667782 0.27484354
  0.02385248 0.37510081 0.78920779 0.62352611 0.63920933 0.5611868 ]
 [0.54963145 0.25761474 1.44321496 0.59810804 0.         0.
  0.49210811 0.53704437 0.5400441  0.66313186 0.6325654  0.54929682]
 [1.06194264 0.18366242 0.87568158 0.         0.         0.43292481
  0.61424596 0.80550465 0.73101227 0.60861345 0.57752631 0.74048867]
 [1.01475519 0.18519141 0.3597219  0.         0.         0.28506775
  0.35816529 0.48610844 0.35202513 0.17977586 0.25342696 0.50247056]
 [1.38254827 0.58776849 0.66324511 0.6676359  0.65411447 0.72540382
  0.73661605 0.78698742 0.67042169 0.60585533 0.60817391 0.90941656]][[0.         0.         0.         0.         0.         0.
  0.         0.         0.         0.         0.         0.        ]
 [0.         0.         0.         0.         0.         0.
  0.         0.         0.         0.         0.         0.        ]
 [0.23507595 0.         0.         0.         0.         0.
  0.         0.         0.         0.         0.         0.        ]
 [0.         0.         0.         0.         0.         0.30764029
  0.07423372 0.         0.         0.         0.         0.        ]
 [0.         0.         0.         0.         0.         0.47553661
  0.         0.         0.         0.         0.         0.        ]
 [0.         0.         0.         0.         0.         0.44452936
  0.         0.         0.         0.         0.         0.        ]
 [0.14044528 0.         0.2335557  0.         0.         0.
  0.         0.         0.         0.         0.14373406 0.        ]
 [0.21490419 0.         0.65835814 0.         0.         0.
  0.         0.         0.         0.         0.04455016 0.        ]
 [0.         0.         0.67785129 0.         0.         0.
  0.         0.         0.         0.         0.         0.        ]
 [0.         0.         0.06151367 0.         0.         0.
  0.         0.         0.         0.         0.         0.        ]
 [0.         0.         0.         0.         0.         0.
  0.         0.         0.         0.         0.         0.        ]
 [0.         0.         0.         0.         0.         0.
  0.         0.         0.         0.         0.         0.        ]][[0.         0.         0.         0.         0.         0.
  0.         0.         0.10095303 0.30998108 0.31187351 0.33298842]
 [0.         0.         0.         0.         0.         0.10898618
  0.         0.         0.74159052 0.424671   0.3053935  0.29830106]
 [0.         0.         0.         0.         0.         0.
  0.25389194 0.12896319 0.60829864 0.3922117  0.43267426 0.32028314]
 [0.         0.         0.         0.         0.         0.
  0.29902907 0.         0.51390267 0.45159826 0.4289088  0.29680169]
 [0.18584879 0.15121478 0.188121   0.24086104 0.46151026 1.32680038
  0.42137267 0.         0.44169416 0.51353938 0.36427684 0.29589246]
 [0.29268579 0.34921649 0.47506521 0.54355146 0.55148125 1.36994748
  0.42455439 0.         0.26736663 0.65800262 0.4109426  0.43471968]
 [0.95871005 0.35458215 0.463858   0.61223984 0.63862094 0.52312886
  0.04949216 0.         0.17901929 0.60925028 0.66518619 0.57065494]
 [0.7501312  0.15064792 0.85467086 0.47455774 0.30582653 0.57501244
  0.30292028 0.14477486 0.11305856 0.50078223 0.35335985 0.35217936]
 [0.6116732  0.14762904 0.46737534 0.         0.13768956 0.59333895
  0.44650612 0.63114477 0.59490079 0.64893546 0.29072511 0.33239161]
 [0.         0.09844818 0.32251622 0.43348617 0.6164123  0.45946721
  0.42621844 0.47248807 0.46896252 0.49736575 0.13356921 0.20874122]
 [0.02497168 0.35571165 0.72786862 0.31361617 0.20900409 0.3612644
  0.34329785 0.41014703 0.43554788 0.33959841 0.24885897 0.32501548]
 [0.03806802 0.29717262 0.38769838 0.         0.         0.
  0.         0.         0.         0.         0.         0.        ]][[2.1520383  1.92893686 1.66712197 1.79884384 1.03188136 0.66152704
  0.62217731 0.39934486 1.33977075 1.61587847 1.79817084 1.77601043]
 [2.66645674 3.02696656 2.28585026 2.40929964 0.94904656 0.40049392
  1.0390281  1.30011699 1.85472714 1.79291666 1.76434739 1.94736011]
 [2.67942456 3.00785123 2.47422972 2.37484877 1.2210233  0.4234639
  1.71101219 0.90105872 1.70185808 1.77336276 1.70587356 1.9511915 ]
 [2.31513163 2.15846308 2.27476908 2.17198547 1.55772146 0.94054326
  1.62172695 0.79236235 1.54717312 1.87072653 1.88356684 1.91345787]
 [1.94293453 1.9623886  1.93783625 1.92068999 1.2666186  1.28978187
  1.20231404 1.2298242  1.48811104 1.84221995 2.05774195 1.93915935]
 [1.92698124 1.91018806 1.82472061 1.82765406 0.71948697 1.36288073
  1.3590324  1.39477946 1.4856681  1.62610655 1.75516405 1.87511967]
 [2.02941242 0.94152069 1.3087699  1.13139277 1.05243275 1.26089094
  2.00121227 1.90612797 1.53978153 1.23846344 1.37752943 1.61299299]
 [2.2519842  0.2326971  1.23310819 0.73657901 1.21256311 1.13242643
  1.86260745 2.10464133 1.64962269 1.47246377 1.51856225 1.72912764]
 [1.90722074 0.4900695  1.26949988 0.89416568 0.98265695 1.97286984
  1.74922463 1.7631871  1.78099002 1.64026537 1.4911594  1.87075527]
 [1.71306131 1.52244289 1.35448863 1.73953052 1.7047055  1.84356875
  1.75417052 1.64885017 1.63053614 1.66288909 1.62534728 1.93000151]
 [1.56541896 2.00145574 1.7056308  2.00918342 2.1965879  1.92219541
  1.88812464 1.8754991  1.83430565 1.86818419 1.85231645 1.8112423 ]
 [1.89768056 1.76117451 2.0846268  2.22767937 2.2497872  2.15871184
  2.13039094 2.15404952 2.15496717 2.14183821 2.13425572 1.76977968]][[0.         0.         0.         0.         0.         0.
  0.         0.         0.         0.         0.         0.        ]
 [0.         0.         0.         0.         0.         0.
  0.         0.         0.         0.         0.         0.        ]
 [0.         0.         0.         0.         0.         0.
  0.         0.         0.         0.         0.         0.        ]
 [0.         0.         0.         0.         0.         0.
  0.         0.         0.         0.         0.         0.        ]
 [0.         0.         0.         0.         0.         0.
  0.         0.         0.         0.         0.         0.        ]
 [0.         0.         0.         0.         0.         0.
  0.         0.         0.         0.         0.         0.        ]
 [0.         0.         0.         0.         0.         0.
  0.         0.         0.         0.         0.         0.        ]
 [0.         0.         0.         0.         0.         0.
  0.         0.         0.         0.         0.         0.        ]
 [0.         0.         0.04745887 0.         0.         0.
  0.         0.         0.         0.         0.         0.        ]
 [0.         0.         0.         0.         0.         0.
  0.         0.         0.         0.         0.         0.        ]
 [0.         0.         0.         0.         0.         0.
  0.         0.         0.         0.         0.         0.        ]
 [0.         0.         0.         0.         0.         0.
  0.         0.         0.         0.         0.         0.        ]][[0.62793457 0.46637291 0.59611967 0.65882073 0.04548122 0.
  0.         0.         0.42669645 0.42640574 0.24396455 0.43665371]
 [1.12344712 0.53524062 0.         0.         0.         0.
  0.         0.         0.         0.14898307 0.26493496 0.32676597]
 [1.170146   0.44651672 0.         0.         0.         0.
  0.         0.         0.         0.0667792  0.18764929 0.36874129]
 [1.07951958 0.80125618 0.2940104  0.43606209 0.         0.
  0.         0.         0.         0.         0.16093461 0.38801184]
 [0.52144175 0.42520833 0.35737312 0.48547561 0.         0.
  0.         0.         0.         0.         0.22709327 0.41996325]
 [0.37851606 0.33420324 0.29655555 0.49750884 0.         0.
  0.         0.         0.         0.         0.18043246 0.52044748]
 [0.54881457 0.56365449 0.52935149 0.73254089 0.         0.
  0.         0.         0.         0.         0.         0.59261133]
 [0.36539814 0.37644195 0.         0.         0.         0.
  0.         0.         0.14159856 0.         0.         0.        ]
 [0.         0.         0.         0.         0.         0.
  0.         0.         0.         0.         0.         0.        ]
 [0.         0.         0.         0.         0.         0.
  0.0485316  0.         0.0180067  0.         0.04127083 0.        ]
 [0.         0.         0.         0.         0.         0.29156433
  0.40060433 0.24622902 0.1223312  0.2491857  0.3494908  0.1808436 ]
 [0.177218   0.         0.         0.         0.         0.
  0.         0.         0.         0.         0.         0.        ]][[0.57078069 0.31560692 0.         0.         0.         0.86124187
  0.44470893 0.         0.         0.33643427 0.5516506  0.11874459]
 [0.709863   0.00541992 0.         0.         0.         0.60458699
  0.         0.         0.         0.10536672 0.31549233 0.01707608]
 [0.08268157 0.         0.         0.         0.20088851 1.08830243
  0.18419434 0.         0.         0.         0.13849967 0.0398607 ]
 [0.         0.         0.         0.         0.         0.71494895
  0.14310923 0.         0.         0.         0.0139079  0.02794945]
 [0.16191805 0.02950027 0.27307017 0.19125783 0.61395363 1.24138352
  0.         0.         0.         0.         0.09407876 0.02918251]
 [0.25743627 0.15729412 0.48746416 0.36535102 0.49589567 0.94798562
  0.         0.         0.         0.         0.         0.08335491]
 [0.6666131  0.         0.37978306 0.         0.273245   0.52600925
  0.         0.         0.23992629 0.         0.         0.        ]
 [0.5891545  0.         0.96831016 0.03013683 0.         0.
  0.         0.         0.10174592 0.02474856 0.19866047 0.        ]
 [0.33304465 0.         1.80220621 0.         0.         0.
  0.         0.03436882 0.16913149 0.         0.39280188 0.        ]
 [0.         0.         0.9805774  0.         0.         0.
  0.         0.29138491 0.25328693 0.02118631 0.29044334 0.        ]
 [0.17942103 0.         0.12231818 0.         0.         0.
  0.         0.09591178 0.00905213 0.         0.         0.        ]
 [0.19721619 0.         0.50585214 0.         0.         0.12255984
  0.2510174  0.57854114 0.55164021 0.31221798 0.32111509 0.50735425]][[0.58480527 0.61687549 0.93152222 1.34480374 1.19027179 0.4445834
  0.         0.         0.         0.24491371 0.22527196 0.17644275]
 [0.96926518 1.48630362 3.1493049  3.91637971 2.67599967 0.32692683
  0.         0.         0.         0.14522308 0.19122476 0.13574934]
 [0.60066827 1.16594845 2.70549496 2.66473441 1.93438144 0.
  0.         0.         0.         0.         0.1123085  0.32848053]
 [0.19809017 0.27712287 0.80062905 0.60587793 0.29239542 0.
  0.         0.58008183 0.         0.         0.20188194 0.39900465]
 [0.08167286 0.39404465 0.39818614 0.33116047 0.         0.
  0.         0.91234903 0.         0.         0.23029895 0.49687315]
 [0.10032944 0.37856213 0.21811198 0.26566449 0.         0.
  0.         1.22024813 0.         0.         0.         0.46226759]
 [0.         0.59013248 0.11638695 0.         0.         0.
  0.         0.80145184 0.         0.         0.         0.        ]
 [0.         0.87087064 0.         0.         0.         0.
  0.         0.42406988 0.         0.         0.         0.        ]
 [0.         0.98610876 0.         0.         0.         0.11068862
  0.03297198 0.         0.         0.         0.         0.        ]
 [0.         0.43931746 0.         0.         0.28166584 0.01345113
  0.19840202 0.         0.         0.         0.16051853 0.        ]
 [0.         0.02644139 0.         0.         0.65345293 0.46226947
  0.82671457 0.62204838 0.48421345 0.76438961 0.99937261 0.65158551]
 [0.         0.         0.         0.         0.46425156 0.67469537
  1.0318271  0.96169079 0.97424881 1.15113532 1.3943943  0.94570306]][[1.96403839 1.44438151 1.14728569 1.01941438 0.         1.18573753
  1.4921311  0.01226453 0.         0.49321288 0.82510887 0.56328727]
 [1.72967867 0.35300752 0.         0.         0.         0.15156897
  0.         0.         0.         0.         0.34148144 0.11700004]
 [0.68676709 0.         0.         0.06662994 0.05088297 0.94242577
  0.38204055 0.         0.09064551 0.         0.26907211 0.32519646]
 [0.42995388 0.         0.21891354 0.56982244 0.71225164 1.00070234
  0.74721843 0.         0.04435774 0.         0.18264492 0.31539018]
 [0.61953876 0.36431067 0.73540811 0.62245512 0.80370668 0.47060434
  0.19291922 0.         0.2140433  0.         0.         0.32098642]
 [0.54210455 0.57164886 0.82517245 0.81421462 0.60038638 0.44733633
  0.         0.         0.58470509 0.28208337 0.07756617 0.38515679]
 [0.87731072 0.4575918  1.22557449 1.60767537 0.         0.
  0.         0.         0.3643465  0.32163407 0.69919817 0.6377742 ]
 [0.96064863 0.         2.21446112 1.35475942 0.         0.
  0.         0.         0.16748299 0.01694387 0.73748917 0.4620711 ]
 [0.89834435 0.         1.56122109 0.         0.         0.
  0.         0.20467379 0.41161041 0.         0.53704261 0.        ]
 [0.4776427  0.         0.         0.         0.         0.
  0.20564202 0.40153755 0.37714952 0.10568851 0.1459533  0.        ]
 [0.48679442 0.         0.06327333 0.         0.         0.2324416
  0.22486754 0.29183374 0.24776781 0.         0.         0.        ]
 [0.32516797 0.         0.42561906 0.         0.         0.10012548
  0.0681499  0.07126795 0.         0.         0.10466645 0.26680319]][[0.         0.         0.         0.         0.         0.
  0.48823659 1.05612726 0.15032479 0.         0.         0.01304596]
 [0.         0.         0.         0.         0.         0.16797369
  2.60885244 2.16682887 0.         0.         0.         0.33558527]
 [0.         0.         0.         0.         0.         0.15056192
  1.67773441 1.06296273 0.23851454 0.04395583 0.01010131 0.        ]
 [0.         0.         0.         0.         0.06428385 0.99749963
  1.01389994 1.44162072 0.72217645 0.         0.06985045 0.        ]
 [0.         0.         0.         0.         0.         1.25712121
  1.10736408 1.32402021 1.21626883 0.         0.         0.        ]
 [0.03734714 0.         0.         0.16394812 0.07970619 1.41726693
  1.0892306  0.7247767  1.21050652 0.14579272 0.0463926  0.        ]
 [0.68163532 0.         1.21292748 0.83054138 0.2627066  0.29786137
  0.96265294 0.5976625  0.64646169 0.76880298 0.88127342 0.10030248]
 [0.38033169 0.46423959 1.0013932  0.25712308 1.01643487 1.0999947
  0.47769354 0.42879737 0.63366287 0.58117561 0.43063866 0.56948561]
 [0.66901922 0.41841741 0.25213738 2.8747558  1.54608607 0.24808444
  0.30536813 0.24536325 0.02577427 0.57753018 0.09409771 1.11361815]
 [0.22874559 0.84994844 1.17679896 2.24298128 0.58763613 0.26725724
  0.01595539 0.05193647 0.31064998 0.35015486 0.         0.84523665]
 [0.32097933 0.46707495 1.15108082 0.76574196 0.50289705 0.04823079
  0.         0.12322014 0.18676655 0.25083656 0.24211296 0.02614286]
 [0.41483811 0.3849211  0.         0.05599521 0.         0.
  0.         0.         0.         0.         0.         0.        ]][[0.         0.         0.         0.         0.         0.
  0.         0.         0.         0.         0.         0.        ]
 [0.         0.         0.         0.         0.         0.
  0.         0.         0.00573341 0.         0.         0.        ]
 [0.         0.04564696 1.04725108 1.38616442 1.20089175 0.7391795
  0.         0.         0.         0.         0.         0.        ]
 [0.         0.42996717 1.06233853 1.38162982 0.99190016 0.47799886
  0.         0.         0.         0.         0.         0.        ]
 [0.         0.         0.         0.         0.         0.
  0.         0.         0.         0.         0.         0.        ]
 [0.         0.         0.         0.         0.         0.
  0.         0.         0.         0.         0.         0.        ]
 [0.         0.         0.         0.         0.         0.
  0.         0.         0.         0.         0.         0.        ]
 [0.         0.03652958 0.         0.         0.         0.
  0.         0.         0.         0.         0.         0.        ]
 [0.         0.         0.         0.         0.         0.
  0.         0.         0.         0.         0.         0.        ]
 [0.         0.         0.         0.         0.         0.
  0.         0.         0.         0.         0.         0.        ]
 [0.         0.         0.         0.         0.         0.
  0.         0.         0.         0.         0.         0.        ]
 [0.         0.         0.         0.         0.         0.
  0.         0.         0.         0.         0.         0.        ]][[0.         0.         0.         0.         0.         0.
  0.         0.         0.         0.33103907 0.42439639 0.22475494]
 [0.         0.         0.         0.         0.         0.
  0.4646003  0.49109414 0.07614565 0.32407307 0.45651455 0.3978864 ]
 [0.11715401 0.         0.         0.         0.         0.
  0.44328526 0.77965274 0.07437702 0.25338179 0.57590813 0.38204074]
 [0.68502404 0.42293923 0.55455376 0.46299247 0.52449017 1.00867328
  0.49106478 0.82188343 0.16150065 0.         0.59190609 0.37231874]
 [0.21360768 0.01570011 0.1642522  0.10665637 0.53838176 1.34689321
  0.6252059  0.96758295 0.08815365 0.         0.19197138 0.36892708]
 [0.1775238  0.07343535 0.25719603 0.28789484 0.91929616 1.29138947
  0.8572234  0.76214378 0.25127084 0.         0.10460598 0.37308626]
 [0.40896482 0.21201076 0.35947392 0.37779134 0.65703035 0.57145621
  0.66572567 0.69797684 0.19464213 0.23074469 0.27269133 0.44457141]
 [0.13485311 0.49550803 1.01130161 0.39725047 0.21451404 0.9828416
  0.75336928 0.58692936 0.39780256 0.58412307 0.54935876 0.36073368]
 [0.06762845 1.0736983  0.74213495 0.62193768 0.40049139 0.39014375
  0.57192873 0.66045931 0.59077166 0.83207344 0.81539411 0.38553348]
 [0.         0.89064188 0.78968046 1.0600764  0.73555624 0.55641944
  0.58323442 0.59721953 0.57492805 0.71736985 0.49357573 0.38098013]
 [0.31482956 0.49388242 0.91585354 0.69309449 0.21254169 0.
  0.         0.03836201 0.06450358 0.01834892 0.08748278 0.07684816]
 [0.14576951 0.45834186 0.60371222 0.42116235 0.1440352  0.
  0.         0.         0.         0.         0.         0.        ]][[0.         0.         0.         0.         0.         0.
  0.         0.         0.         0.         0.         0.        ]
 [0.         0.         0.         0.         0.         0.
  0.         0.         0.25953611 0.         0.         0.        ]
 [0.         0.         0.         0.         0.         0.
  0.         0.         0.23604494 0.         0.         0.        ]
 [0.         0.         0.         0.         0.         0.26391378
  0.         0.         0.024044   0.         0.         0.        ]
 [0.         0.         0.         0.         0.18146146 0.
  0.         0.         0.1039182  0.13043558 0.         0.        ]
 [0.         0.         0.         0.         0.12154033 0.00265181
  0.         0.         0.         0.51114285 0.         0.        ]
 [0.         0.         0.         0.         0.         0.
  0.         0.         0.         0.19905157 0.1049577  0.        ]
 [0.         0.         0.         0.         0.         0.
  0.         0.         0.         0.         0.         0.        ]
 [0.         0.         0.         0.         0.         0.
  0.         0.         0.         0.         0.         0.        ]
 [0.         0.         0.         0.         0.03669563 0.
  0.         0.         0.         0.         0.         0.        ]
 [0.         0.         0.         0.         0.         0.
  0.         0.         0.         0.         0.         0.        ]
 [0.         0.         0.         0.         0.         0.
  0.         0.         0.         0.         0.         0.        ]][[0.00000000e+00 5.01591374e-01 1.42911420e+00 1.60021590e+00
  2.07697059e+00 1.13351740e+00 0.00000000e+00 7.25075707e-02
  5.03338499e-01 0.00000000e+00 0.00000000e+00 0.00000000e+00]
 [0.00000000e+00 0.00000000e+00 0.00000000e+00 0.00000000e+00
  9.65760241e-01 2.09728021e-01 0.00000000e+00 0.00000000e+00
  4.61240173e-01 1.33715778e-02 0.00000000e+00 0.00000000e+00]
 [0.00000000e+00 0.00000000e+00 0.00000000e+00 0.00000000e+00
  0.00000000e+00 0.00000000e+00 0.00000000e+00 0.00000000e+00
  3.57243350e-01 1.61749871e-01 0.00000000e+00 0.00000000e+00]
 [0.00000000e+00 2.54992456e-01 6.89388627e-01 8.05770950e-01
  3.66142259e-01 0.00000000e+00 0.00000000e+00 0.00000000e+00
  8.83093179e-02 3.03351121e-01 0.00000000e+00 0.00000000e+00]
 [0.00000000e+00 2.40822656e-01 6.30672475e-02 1.65284918e-01
  0.00000000e+00 0.00000000e+00 0.00000000e+00 0.00000000e+00
  1.82754448e-01 7.41327307e-01 8.42661766e-02 0.00000000e+00]
 [0.00000000e+00 1.34352334e-01 0.00000000e+00 6.04616073e-02
  0.00000000e+00 0.00000000e+00 0.00000000e+00 0.00000000e+00
  0.00000000e+00 5.15181087e-01 4.18721115e-01 3.46317907e-02]
 [1.26736730e-01 0.00000000e+00 4.66837261e-01 7.39416992e-01
  1.50895570e-03 0.00000000e+00 0.00000000e+00 0.00000000e+00
  0.00000000e+00 0.00000000e+00 4.66492784e-01 2.41951177e-01]
 [1.52515568e-01 2.30047096e-01 1.04368951e-01 0.00000000e+00
  0.00000000e+00 0.00000000e+00 0.00000000e+00 0.00000000e+00
  0.00000000e+00 0.00000000e+00 0.00000000e+00 0.00000000e+00]
 [0.00000000e+00 0.00000000e+00 0.00000000e+00 0.00000000e+00
  0.00000000e+00 0.00000000e+00 0.00000000e+00 0.00000000e+00
  0.00000000e+00 0.00000000e+00 0.00000000e+00 0.00000000e+00]
 [0.00000000e+00 0.00000000e+00 0.00000000e+00 0.00000000e+00
  0.00000000e+00 0.00000000e+00 0.00000000e+00 0.00000000e+00
  0.00000000e+00 0.00000000e+00 0.00000000e+00 0.00000000e+00]
 [0.00000000e+00 0.00000000e+00 0.00000000e+00 0.00000000e+00
  6.24606753e-02 3.66959783e-01 4.15448820e-01 3.21503175e-01
  3.88724849e-01 4.93795886e-01 4.43366362e-01 8.26771178e-01]
 [0.00000000e+00 0.00000000e+00 0.00000000e+00 0.00000000e+00
  0.00000000e+00 0.00000000e+00 0.00000000e+00 0.00000000e+00
  0.00000000e+00 0.00000000e+00 0.00000000e+00 0.00000000e+00]][[0.         0.34762    0.84153293 0.76305619 0.49340379 0.02628078
  0.         0.         0.         0.         0.         0.        ]
 [0.         1.13596808 1.1959161  0.64131662 0.31007018 0.
  0.         0.         0.         0.         0.         0.        ]
 [0.         0.         0.         0.         0.10115113 0.
  0.         0.         0.         0.         0.         0.        ]
 [0.         0.         0.         0.         0.03182191 0.
  0.         0.         0.         0.         0.         0.        ]
 [0.         0.         0.         0.         0.         0.
  0.         0.         0.         0.         0.         0.        ]
 [0.         0.         0.         0.         0.         0.
  0.         0.         0.         0.         0.         0.        ]
 [0.         0.         0.         0.         0.         0.
  0.         0.         0.         0.         0.         0.        ]
 [0.         0.         0.         0.         0.         0.
  0.         0.         0.         0.         0.         0.        ]
 [0.         0.         0.         0.         0.         0.
  0.         0.         0.         0.         0.         0.        ]
 [0.         0.         0.         0.         0.         0.
  0.         0.         0.         0.         0.         0.        ]
 [0.         0.         0.         0.         0.         0.
  0.         0.06691624 0.1767941  0.06086599 0.         0.        ]
 [0.         0.         0.         0.         0.         0.
  0.         0.         0.         0.         0.         0.        ]][[0.         0.         0.75132678 0.62927193 0.         0.
  0.48165132 0.95216222 0.04747623 0.         0.         0.        ]
 [0.         0.73315406 1.08470523 0.7286965  0.         0.
  0.29849886 0.98530787 0.         0.         0.         0.        ]
 [0.         0.         0.         0.         0.         0.
  0.04065842 0.54482462 0.         0.         0.         0.        ]
 [0.         0.         0.         0.         0.         0.
  0.351303   0.82606615 0.         0.         0.         0.        ]
 [0.         0.         0.         0.         0.         0.
  0.85531679 0.57038434 0.         0.         0.         0.        ]
 [0.         0.         0.         0.         0.         0.
  0.57446091 0.46316617 0.12526378 0.         0.         0.        ]
 [0.         0.         0.         0.         0.         0.
  0.         0.         0.31463994 0.04109912 0.         0.        ]
 [0.         0.         0.         0.19844121 1.31742917 0.35227876
  0.         0.         0.         0.         0.         0.        ]
 [0.         0.         0.         2.10920272 1.41936063 0.
  0.         0.         0.         0.         0.         0.16994169]
 [0.         0.         0.         0.77708357 0.         0.
  0.         0.         0.         0.         0.         0.        ]
 [0.         0.         0.         0.         0.         0.
  0.         0.         0.         0.         0.         0.        ]
 [0.         0.         0.         0.         0.         0.
  0.         0.         0.         0.         0.         0.        ]][[0.        0.        0.        0.        0.        0.        0.
  0.        0.        0.        0.        0.       ]
 [0.        0.        0.        0.        0.        0.        0.
  0.        0.        0.        0.        0.       ]
 [0.        0.        0.        0.        0.        0.        0.
  0.        0.        0.        0.        0.       ]
 [0.        0.        0.        0.        0.        0.        0.
  0.        0.        0.        0.        0.       ]
 [0.        0.        0.        0.        0.        0.        0.
  0.        0.        0.        0.        0.       ]
 [0.        0.        0.        0.        0.        0.        0.
  0.        0.        0.        0.        0.       ]
 [0.        0.        0.        0.        0.        0.        0.
  0.        0.        0.        0.        0.       ]
 [0.        0.        0.        0.        0.        0.        0.
  0.        0.        0.        0.        0.       ]
 [0.        0.        0.        0.        0.1813775 0.        0.
  0.        0.        0.        0.        0.       ]
 [0.        0.        0.        0.        0.        0.        0.
  0.        0.        0.        0.        0.       ]
 [0.        0.        0.        0.        0.        0.        0.
  0.        0.        0.        0.        0.       ]
 [0.        0.        0.        0.        0.        0.        0.
  0.        0.        0.        0.        0.       ]][[0.         0.         0.         0.18233916 0.47209672 0.
  0.         0.0101304  0.         0.         0.         0.        ]
 [0.         0.96948454 0.68541399 0.5153333  0.21302397 0.
  0.         0.         0.         0.         0.         0.        ]
 [0.25862934 0.99106669 0.94738853 0.75106923 0.         0.
  0.         0.         0.         0.         0.         0.        ]
 [0.05443896 0.34885945 0.17421765 0.27407741 0.         0.
  0.         0.         0.         0.         0.         0.        ]
 [0.         0.         0.         0.         0.         0.
  0.         0.         0.         0.         0.         0.        ]
 [0.         0.         0.         0.         0.         0.
  0.         0.         0.         0.         0.         0.        ]
 [0.         0.         0.         0.         0.         0.
  0.         0.         0.         0.         0.         0.        ]
 [0.         0.         0.         0.         0.         0.
  0.         0.         0.         0.         0.         0.        ]
 [0.         0.         0.         0.         0.         0.
  0.         0.         0.         0.         0.         0.        ]
 [0.         0.         0.         0.         0.         0.
  0.         0.         0.         0.         0.         0.        ]
 [0.         0.         0.         0.         0.         0.
  0.         0.         0.         0.         0.         0.        ]
 [0.         0.         0.         0.         0.         0.
  0.         0.         0.         0.         0.         0.        ]][[0.49243899 0.         0.         0.         0.         0.
  0.         0.         0.03292889 0.14072866 0.28205904 0.20518935]
 [0.68860237 0.         0.         0.         0.         0.
  0.1424448  0.5891464  0.2947799  0.16238205 0.37005518 0.34183125]
 [1.20868903 1.07707134 0.2416083  0.21770612 0.         0.
  0.5395756  0.56868555 0.27406239 0.22246347 0.30838437 0.35626448]
 [0.87027923 0.90891824 0.85520193 0.72664729 0.6111217  0.32223982
  0.70693953 0.38744964 0.31453181 0.216089   0.31511532 0.35899859]
 [0.41540306 0.47503267 0.48721804 0.43603337 0.25423491 0.30256308
  0.64076713 0.5723271  0.59550998 0.33831367 0.23849444 0.33911527]
 [0.37646882 0.43390569 0.36148252 0.51258338 0.30221082 0.48943938
  0.403383   0.57048828 0.79351941 0.40415893 0.27554735 0.33044017]
 [0.35310985 0.38643072 0.63178501 0.6623447  0.         0.55008549
  0.24404469 0.11319014 0.61479116 0.43713088 0.55577927 0.2264618 ]
 [0.0906136  0.         1.03631618 0.06489595 0.16775779 0.81782101
  0.70661074 0.36773044 0.40555642 0.23211201 0.77336925 0.08942466]
 [0.43827677 0.         0.58969562 0.1083378  0.36462948 0.34476519
  0.39535174 0.48364407 0.42448352 0.44241557 0.91281541 0.41111298]
 [0.53863946 0.         0.59068113 0.50617012 0.31756451 0.3996345
  0.34303622 0.25642413 0.25616916 0.25532508 0.36476166 0.35988135]
 [0.74769851 0.50647903 0.95735216 0.46251336 0.         0.
  0.         0.         0.         0.         0.         0.        ]
 [0.39769336 0.53748566 0.84901462 0.54200502 0.50691848 0.29660529
  0.19870412 0.25196522 0.21663115 0.11499885 0.11455376 0.        ]][[0.         0.         0.         0.13144328 0.         0.
  0.         0.         0.         0.         0.         0.        ]
 [0.         0.0617869  0.59432057 1.13530369 0.43021425 0.
  0.         0.         0.         0.         0.         0.        ]
 [0.10580702 0.51181631 0.86164063 0.73530451 0.         0.
  0.         0.         0.         0.         0.         0.        ]
 [0.06271648 0.13144503 0.38893748 0.22962006 0.         0.
  0.         0.         0.         0.         0.         0.        ]
 [0.         0.         0.         0.         0.         0.
  0.         0.         0.         0.         0.         0.        ]
 [0.         0.         0.         0.         0.         0.
  0.         0.         0.         0.         0.         0.        ]
 [0.         0.         0.         0.         0.         0.
  0.         0.         0.         0.         0.         0.        ]
 [0.         0.         0.         0.         0.         0.
  0.         0.         0.         0.         0.         0.        ]
 [0.         0.         0.         0.         0.         0.
  0.         0.         0.         0.         0.         0.        ]
 [0.         0.         0.         0.         0.         0.
  0.         0.         0.         0.         0.         0.        ]
 [0.         0.         0.         0.         0.         0.
  0.         0.         0.         0.         0.         0.        ]
 [0.         0.         0.         0.         0.         0.
  0.         0.         0.         0.         0.         0.        ]][[0.38173174 0.         0.         0.         0.         0.18444673
  1.09324983 0.51138438 0.25275201 0.46194898 0.77186642 0.51720101]
 [0.         0.         0.         0.         0.         0.
  0.         0.30201937 0.2501939  0.30689105 0.32052473 0.59530458]
 [0.         0.         0.         0.         0.         0.
  0.43918243 0.49426688 0.40328697 0.26857486 0.27430721 0.57190052]
 [0.         0.         0.         0.         0.         0.
  0.48411084 0.64643549 0.10693295 0.28633917 0.38019234 0.54548503]
 [0.38355363 0.32267458 0.39634916 0.42816592 0.41960242 0.
  0.45404071 0.90383544 0.22555672 0.16839139 0.48323269 0.5549683 ]
 [0.47877378 0.46849073 0.71523947 0.52331837 0.         0.
  0.72091392 0.97058847 0.61969756 0.172414   0.50635529 0.48186986]
 [0.53894737 0.03995539 0.88529264 0.68555067 0.         0.
  1.35274672 1.24949182 0.41888922 0.27648204 0.68001467 0.36380943]
 [0.59066631 0.34678291 1.09137495 0.87706666 0.         0.
  0.79258011 0.72685791 0.35558691 0.11291546 0.6143135  0.74920054]
 [0.68103253 0.30617535 0.51125473 0.07523373 0.04018656 0.33472868
  0.19886265 0.3098338  0.5198176  0.         0.05637596 0.80278826]
 [0.53057192 0.         0.         0.62996596 0.50873504 0.46263183
  0.38621577 0.39195052 0.41557077 0.21526974 0.1337024  0.7109049 ]
 [0.19589545 0.         0.         0.49950162 0.24681197 0.
  0.         0.         0.         0.         0.         0.12380547]
 [0.2241134  0.         0.         0.56237695 0.43774538 0.41487925
  0.27225355 0.0175051  0.06807102 0.43891347 0.36472447 0.4324775 ]][[0.65299021 0.66469546 0.4946604  0.43120692 0.67273156 0.45117859
  0.61973437 0.68595984 0.54692575 0.64332884 0.38683164 0.49103733]
 [0.60044756 1.23436294 1.51120093 1.25086808 1.45279068 0.65470595
  0.         0.         0.54037739 0.2471669  0.12813706 0.        ]
 [0.16699113 0.59143926 1.43415112 2.18178728 2.26235789 1.02556789
  0.         0.         0.02390317 0.1961027  0.23956508 0.1470048 ]
 [0.18891832 0.         0.33701593 0.83336323 0.84526218 0.40919363
  0.         0.         0.02279998 0.163491   0.10512979 0.15755436]
 [0.3445589  0.41335416 0.51580118 0.50911242 0.45140475 0.08905673
  0.         0.         0.         0.23207253 0.1277346  0.21838737]
 [0.29171856 0.51593739 0.51474662 0.6152499  0.63302588 0.
  0.         0.         0.         0.39335839 0.2359398  0.50692853]
 [0.77117275 1.34154728 0.6016331  1.5759585  1.14067549 0.
  0.         0.         0.         0.11823027 0.43430404 1.02348744]
 [0.89676264 1.05465265 0.34316691 0.2713994  0.         0.
  0.         0.         0.         0.         0.         0.        ]
 [0.         0.         0.         0.         0.         0.
  0.         0.         0.         0.06920662 0.         0.        ]
 [0.         0.         0.         0.         0.         0.
  0.1359702  0.15396115 0.13738983 0.17873806 0.         0.        ]
 [0.         0.         0.         0.         0.         0.37497189
  0.38163224 0.28469797 0.09450205 0.         0.         0.        ]
 [0.         0.22914928 0.         0.         0.         0.20907388
  0.49984352 0.68630487 0.53844547 0.35007862 0.66154745 0.53027709]][[0.         0.36762985 0.38547454 0.24401677 0.68697407 0.93675813
  0.10266962 0.22372683 0.         0.         0.         0.        ]
 [0.10761001 0.97468372 1.54816549 1.40409836 2.01431718 1.86164223
  0.         0.50911608 0.46912791 0.         0.         0.        ]
 [0.44604074 0.79616616 0.91908021 0.78183592 0.67598494 0.51537518
  0.08943268 0.73769948 0.29983962 0.06433985 0.         0.        ]
 [0.07129544 0.         0.         0.         0.         0.40096023
  0.         0.52281954 0.19611754 0.18396543 0.         0.        ]
 [0.         0.         0.         0.         0.18335484 0.9204283
  0.         0.53354705 0.19762459 0.40879269 0.         0.        ]
 [0.         0.         0.         0.         0.68209466 0.68663172
  0.         0.51052981 0.12659143 0.44105752 0.         0.        ]
 [0.         0.16637409 0.         0.22898312 1.87165714 0.63318185
  0.         0.09161174 0.10596401 0.12206257 0.14272638 0.        ]
 [0.         0.51742728 0.71359752 0.79337599 1.66957565 0.27574167
  0.         0.         0.         0.         0.05797287 0.        ]
 [0.         1.57038707 0.6091148  0.25005476 0.52385197 0.01838801
  0.         0.         0.         0.0440971  0.12232497 0.        ]
 [0.         1.12087147 0.07492839 0.         0.27850997 0.
  0.         0.         0.         0.         0.         0.        ]
 [0.         1.08469754 0.         0.         0.17017493 0.
  0.         0.         0.         0.         0.         0.        ]
 [0.         0.         0.         0.         0.         0.
  0.         0.         0.         0.         0.         0.        ]][[0.         0.         0.         0.         0.         0.
  0.         0.         0.         0.         0.         0.        ]
 [0.         0.         0.44282972 1.05637761 0.         0.
  0.         0.         0.         0.         0.         0.        ]
 [0.25521591 0.42257191 0.41193838 0.71094169 0.         0.
  0.         0.         0.         0.         0.         0.        ]
 [0.28417154 0.18667419 0.07306707 0.         0.         0.
  0.         0.         0.         0.         0.         0.        ]
 [0.         0.         0.         0.         0.         0.
  0.         0.         0.         0.         0.         0.        ]
 [0.         0.         0.         0.         0.         0.
  0.         0.         0.         0.         0.         0.        ]
 [0.17806058 0.         0.         0.         0.         0.
  0.         0.         0.         0.         0.         0.        ]
 [0.         0.         0.         0.         0.         0.
  0.         0.         0.         0.         0.         0.        ]
 [0.         0.         0.         0.         0.         0.
  0.         0.         0.         0.         0.         0.        ]
 [0.         0.         0.         0.         0.         0.
  0.         0.         0.         0.         0.         0.        ]
 [0.33724922 0.         0.         0.         0.         0.
  0.         0.         0.         0.         0.         0.        ]
 [0.         0.         0.         0.         0.         0.
  0.         0.         0.         0.         0.         0.        ]][[0.21651847 0.         0.         0.06641464 0.         0.
  0.         0.31802805 0.05655135 0.22069358 0.15905292 0.11361883]
 [0.         0.         0.         0.         0.         0.
  0.         0.44942269 0.28873362 0.08907898 0.         0.05490616]
 [0.         0.         0.         0.         0.         0.
  0.         0.20076535 0.12950031 0.         0.12180613 0.16869571]
 [0.         0.         0.         0.         0.         0.20282276
  0.19298366 0.07980375 0.1549697  0.05853823 0.11243892 0.17442183]
 [0.01011013 0.         0.12848147 0.17731528 0.08948026 0.
  0.08330695 0.02904584 0.1690047  0.19848737 0.11029532 0.15541292]
 [0.06289601 0.05766329 0.05928346 0.         0.         0.
  0.21249622 0.         0.         0.10563992 0.05567404 0.10973832]
 [0.         0.16849737 0.09748    0.7136743  0.09258382 0.
  0.37327862 0.         0.         0.         0.07096028 0.41174843]
 [0.11452529 0.5858253  0.12044484 0.42042173 0.         0.
  0.         0.         0.         0.00839499 0.00947255 0.49985984]
 [0.         0.08825618 0.         0.         0.         0.02910517
  0.         0.01978174 0.         0.         0.         0.        ]
 [0.         0.         0.         0.         0.11675682 0.00587824
  0.10001753 0.10472755 0.06374189 0.09745459 0.         0.        ]
 [0.         0.         0.         0.19730112 0.00077511 0.08920315
  0.04122424 0.         0.         0.         0.         0.        ]
 [0.         0.02975353 0.         0.         0.         0.
  0.         0.         0.         0.         0.         0.        ]][[0.         0.         0.         0.         0.         0.
  0.         0.         0.         0.         0.         0.        ]
 [0.         0.         0.         0.         0.         0.
  0.         0.         0.         0.         0.         0.        ]
 [0.         0.         0.         0.         0.         0.
  0.         0.         0.         0.         0.         0.        ]
 [0.         0.         0.         0.         0.         0.
  0.21846738 0.         0.         0.         0.         0.        ]
 [0.         0.         0.         0.         0.         0.
  0.37838097 0.         0.         0.         0.         0.        ]
 [0.         0.         0.         0.         0.         0.1306573
  0.32882557 0.         0.         0.         0.         0.        ]
 [0.         0.         0.         0.         0.         0.
  0.01552395 0.         0.         0.         0.01446236 0.        ]
 [0.13628988 0.         0.         0.         0.         0.
  0.         0.         0.         0.         0.         0.        ]
 [0.         0.         0.         0.         0.20924862 0.
  0.         0.         0.         0.         0.         0.        ]
 [0.         0.         0.         0.21271404 0.         0.
  0.         0.         0.         0.         0.         0.        ]
 [0.         0.         0.         0.         0.         0.
  0.         0.         0.         0.         0.         0.        ]
 [0.         0.         0.         0.         0.         0.
  0.         0.         0.         0.         0.         0.        ]][[0. 0. 0. 0. 0. 0. 0. 0. 0. 0. 0. 0.]
 [0. 0. 0. 0. 0. 0. 0. 0. 0. 0. 0. 0.]
 [0. 0. 0. 0. 0. 0. 0. 0. 0. 0. 0. 0.]
 [0. 0. 0. 0. 0. 0. 0. 0. 0. 0. 0. 0.]
 [0. 0. 0. 0. 0. 0. 0. 0. 0. 0. 0. 0.]
 [0. 0. 0. 0. 0. 0. 0. 0. 0. 0. 0. 0.]
 [0. 0. 0. 0. 0. 0. 0. 0. 0. 0. 0. 0.]
 [0. 0. 0. 0. 0. 0. 0. 0. 0. 0. 0. 0.]
 [0. 0. 0. 0. 0. 0. 0. 0. 0. 0. 0. 0.]
 [0. 0. 0. 0. 0. 0. 0. 0. 0. 0. 0. 0.]
 [0. 0. 0. 0. 0. 0. 0. 0. 0. 0. 0. 0.]
 [0. 0. 0. 0. 0. 0. 0. 0. 0. 0. 0. 0.]][[0.         0.         0.         0.         0.         0.
  0.         0.         0.         0.         0.         0.        ]
 [0.         0.         0.         0.         0.         0.
  0.         0.         0.         0.         0.         0.        ]
 [0.         0.         0.         0.         0.         0.
  0.         0.         0.         0.         0.         0.        ]
 [0.         0.         0.         0.         0.         0.
  0.         0.         0.         0.         0.         0.        ]
 [0.         0.         0.         0.         0.         0.
  0.         0.         0.         0.         0.         0.        ]
 [0.         0.         0.         0.         0.05621194 0.
  0.         0.         0.         0.         0.         0.        ]
 [0.         0.14193093 0.         0.         0.         0.
  0.         0.         0.         0.         0.         0.        ]
 [0.         0.43932777 0.         0.         0.         0.
  0.         0.         0.         0.         0.         0.        ]
 [0.         0.0882843  0.         0.         0.         0.
  0.         0.         0.         0.         0.         0.        ]
 [0.         0.         0.         0.         0.         0.
  0.         0.         0.         0.         0.         0.        ]
 [0.         0.         0.         0.         0.         0.
  0.         0.         0.         0.         0.         0.        ]
 [0.         0.         0.         0.         0.         0.
  0.         0.         0.         0.         0.         0.        ]]