[[[0.98641415 0.67282288 0.04884532]
  [0.53609963 0.95793046 0.09044198]
  [0.03052901 0.61673917 0.16034709]]

 [[0.70375032 0.69200144 0.60650974]
  [0.63030364 0.19053054 0.03640902]
  [0.02610644 0.8364188  0.05220748]]

 [[0.0584567  0.41867837 0.35527918]
  [0.83349629 0.58276555 0.8865257 ]
  [0.88712416 0.10771863 0.56567808]]][[[0.58452154 0.70916022 0.42624071]
  [0.43847959 0.06818558 0.99351517]
  [0.60664593 0.68817816 0.44134116]]

 [[0.90449617 0.98856604 0.70538947]
  [0.82932622 0.0495503  0.6011174 ]
  [0.81093636 0.6325346  0.29406359]]

 [[0.82679738 0.75593299 0.15621096]
  [0.0598136  0.4710563  0.9446279 ]
  [0.14964983 0.72297098 0.3280313 ]]][[[5.63978684e-01 2.22190775e-01 8.19921940e-02]
  [1.58702254e-01 8.05728250e-01 7.13719219e-01]
  [2.61698581e-01 4.95638947e-01 5.77307602e-01]]

 [[6.90798732e-01 5.66928302e-01 2.69545594e-01]
  [9.79089093e-01 1.04225455e-01 4.95021275e-01]
  [1.16622710e-04 7.42948885e-01 6.76507696e-01]]

 [[8.24896010e-01 5.66368248e-01 7.45928340e-01]
  [2.83548212e-01 4.76654479e-02 6.27218095e-01]
  [3.49968856e-01 5.60801249e-01 5.37636393e-01]]][[[0.33182853 0.21852051 0.16648923]
  [0.70782796 0.55233944 0.88677486]
  [0.3242022  0.44626016 0.75982708]]

 [[0.78819579 0.80676449 0.33697654]
  [0.93754402 0.71009645 0.25614323]
  [0.65762547 0.32356752 0.49597942]]

 [[0.05196703 0.1214594  0.25449129]
  [0.49733608 0.61799594 0.30987808]
  [0.38916456 0.24017496 0.39022501]]][[[7.19160533e-01 2.66042640e-01 7.26807889e-04]
  [6.71570841e-01 4.91759378e-02 5.44972750e-02]
  [8.26523504e-01 1.37086495e-01 2.51373098e-01]]

 [[1.25851295e-01 1.86668848e-02 8.58120350e-01]
  [1.55733273e-01 8.96123126e-01 4.62646476e-01]
  [7.04695308e-01 4.22170304e-01 8.14384959e-01]]

 [[1.85480582e-01 9.37419234e-01 5.05404205e-01]
  [2.28752704e-01 1.04951760e-01 9.22183020e-01]
  [3.09475842e-01 5.95357525e-01 2.73561795e-02]]][[[0.33626421 0.09510539 0.8724335 ]
  [0.12607769 0.62628441 0.059251  ]
  [0.31973116 0.07194242 0.38000683]]

 [[0.49581106 0.08051251 0.44328058]
  [0.81459887 0.76985981 0.06935431]
  [0.96022258 0.51358357 0.79555953]]

 [[0.66309314 0.81950539 0.6547588 ]
  [0.74901727 0.53154579 0.68585122]
  [0.65716965 0.57415302 0.04459764]]][[[0.10905524 0.98324149 0.67276817]
  [0.92569678 0.75371807 0.7851891 ]
  [0.70447003 0.66176894 0.00911469]]

 [[0.27321926 0.04272078 0.99327931]
  [0.11368441 0.55514109 0.8895189 ]
  [0.4278576  0.0295485  0.88543048]]

 [[0.08851528 0.69864322 0.96349752]
  [0.30010351 0.88430993 0.11989066]
  [0.31906393 0.19407242 0.84287772]]][[[0.38558713 0.64435406 0.2477405 ]
  [0.79703127 0.30609789 0.90846678]
  [0.41615775 0.90479336 0.98670615]]

 [[0.87425296 0.1588289  0.68803354]
  [0.8589665  0.28817015 0.37885328]
  [0.29818317 0.83758362 0.65521167]]

 [[0.13570479 0.29869131 0.21253589]
  [0.57562386 0.13379006 0.34360261]
  [0.64300919 0.99648182 0.07466145]]][[[0.17286722 0.74218083 0.41507385]
  [0.82544496 0.35924268 0.0858754 ]
  [0.71869734 0.17898171 0.302659  ]]

 [[0.62243662 0.01616967 0.31893687]
  [0.09697242 0.48804848 0.55424763]
  [0.47805154 0.29251888 0.90009438]]

 [[0.9394406  0.70389947 0.46743441]
  [0.04931102 0.60996402 0.68041337]
  [0.40057459 0.66504999 0.36247821]]][[[0.34260816 0.19987362 0.18289003]
  [0.18153669 0.46413312 0.35967617]
  [0.90774032 0.99423384 0.12094594]]

 [[0.65716911 0.39576198 0.49688629]
  [0.40158906 0.22278292 0.60046792]
  [0.67160779 0.37263714 0.52703332]]

 [[0.32521059 0.85885362 0.58642561]
  [0.27447533 0.24941276 0.67738752]
  [0.45932858 0.44048364 0.42769206]]][[[0.41777577 0.77124254 0.24743073]
  [0.91301739 0.85505699 0.09939847]
  [0.19432535 0.71848901 0.92644759]]

 [[0.53940983 0.43603746 0.5048911 ]
  [0.26118789 0.7393962  0.50152711]
  [0.42156624 0.59296991 0.58314949]]

 [[0.39862688 0.2419145  0.26647218]
  [0.37381205 0.40741619 0.35946416]
  [0.44386089 0.87643894 0.29394333]]][[[0.99129276 0.44032024 0.37428268]
  [0.19490507 0.7643355  0.06796892]
  [0.78383152 0.07352091 0.45311512]]

 [[0.41572509 0.96908652 0.79613077]
  [0.41098354 0.97411361 0.608641  ]
  [0.8610888  0.31558901 0.07288765]]

 [[0.43319891 0.72234816 0.30377363]
  [0.23593788 0.23677711 0.0410071 ]
  [0.53670185 0.25051567 0.75289572]]][[[0.59609558 0.84430192 0.6496775 ]
  [0.29566243 0.18386745 0.95826673]
  [0.78530711 0.61787853 0.16474779]]

 [[0.9778532  0.59940204 0.66091678]
  [0.78972274 0.17873716 0.16711409]
  [0.33954701 0.90875518 0.81431799]]

 [[0.56460553 0.33368208 0.53097994]
  [0.44871159 0.04647101 0.96294953]
  [0.70472961 0.34414335 0.04210744]]][[[0.90243723 0.35562004 0.59366705]
  [0.21999459 0.69819578 0.41123434]
  [0.19708188 0.22871118 0.16039271]]

 [[0.75303638 0.45082785 0.63648293]
  [0.94926975 0.63339916 0.86595919]
  [0.39567233 0.95551264 0.87547674]]

 [[0.01883098 0.50603414 0.79811664]
  [0.54563562 0.47497386 0.66340502]
  [0.34917146 0.79652926 0.83879979]]][[[0.05998438 0.36717853 0.83103161]
  [0.21257375 0.84618604 0.28409241]
  [0.40413294 0.63859626 0.44077473]]

 [[0.86921614 0.16618015 0.11388157]
  [0.17915683 0.76370368 0.90306334]
  [0.69052229 0.96697474 0.21220976]]

 [[0.8628929  0.28499923 0.14039018]
  [0.42266062 0.59373056 0.40149604]
  [0.22737782 0.88262669 0.67395884]]][[[6.16582793e-01 6.03445055e-03 1.75644932e-02]
  [1.37133260e-01 6.67143157e-01 7.24538145e-01]
  [6.37369191e-01 9.37037670e-01 4.16182951e-04]]

 [[6.36217700e-01 1.78411285e-01 8.42205256e-01]
  [7.19475764e-01 3.89816349e-01 5.15732163e-02]
  [3.76847161e-01 5.94082687e-01 8.67231584e-01]]

 [[3.29935380e-01 7.46044738e-01 8.61459339e-01]
  [3.01165368e-01 5.66875788e-01 7.60190717e-01]
  [1.20248518e-01 5.28264269e-01 8.53804455e-01]]][[[0.02930676 0.51282299 0.77663593]
  [0.70429706 0.73984571 0.35232291]
  [0.21591565 0.43920979 0.36937561]]

 [[0.11239597 0.30232726 0.09699166]
  [0.80953512 0.19956735 0.19151099]
  [0.03665829 0.47640605 0.8694135 ]]

 [[0.77596931 0.25270106 0.48857711]
  [0.87067298 0.07361369 0.65109692]
  [0.3553384  0.17088214 0.93491479]]][[[0.06098315 0.0910275  0.93349795]
  [0.08871864 0.19941476 0.67267019]
  [0.35391084 0.95567385 0.49942538]]

 [[0.8138909  0.49154928 0.79054155]
  [0.82765799 0.77512459 0.03805772]
  [0.45733304 0.80587706 0.38777132]]

 [[0.74085289 0.64019762 0.31894413]
  [0.59002892 0.75284361 0.15245386]
  [0.30974623 0.94750242 0.1958949 ]]][[[0.97914933 0.1545436  0.76458412]
  [0.76453238 0.42767045 0.34228818]
  [0.62396321 0.22076434 0.48116893]]

 [[0.32157628 0.7237674  0.50568526]
  [0.9461506  0.74235381 0.89340115]
  [0.12590788 0.99167985 0.51721953]]

 [[0.35023122 0.389977   0.91686146]
  [0.55723115 0.09583615 0.44478821]
  [0.47443997 0.57075825 0.39149283]]][[[0.87373119 0.82239741 0.68345652]
  [0.11012119 0.06079652 0.09908318]
  [0.37817963 0.21467673 0.8072996 ]]

 [[0.21225568 0.72016333 0.76564336]
  [0.94844837 0.42054182 0.89501129]
  [0.01006009 0.92929028 0.87306429]]

 [[0.59032696 0.12861254 0.02041443]
  [0.85156753 0.42575384 0.46039049]
  [0.89992975 0.98061457 0.54117375]]][[[0.20940925 0.38467904 0.86015689]
  [0.44837233 0.59408785 0.84550594]
  [0.25402506 0.51483209 0.30791829]]

 [[0.75821251 0.55169241 0.44384905]
  [0.55002107 0.81110294 0.21330517]
  [0.50494067 0.14356861 0.01127472]]

 [[0.72031671 0.02386855 0.03111147]
  [0.86530595 0.84085909 0.85118506]
  [0.80005194 0.94221445 0.10885619]]][[[0.18431046 0.88882134 0.4745408 ]
  [0.00647295 0.28035858 0.94064193]
  [0.38361576 0.0889207  0.70284745]]

 [[0.96768031 0.74549205 0.28813094]
  [0.6119081  0.67250595 0.62461995]
  [0.88112867 0.68463881 0.01953816]]

 [[0.62773732 0.86862555 0.22499407]
  [0.88520362 0.4098443  0.35331553]
  [0.44472871 0.27137    0.86139419]]][[[0.26491706 0.02246146 0.73328154]
  [0.53486535 0.06770648 0.9013065 ]
  [0.50086732 0.24109046 0.58098494]]

 [[0.31921284 0.52838719 0.58505983]
  [0.12489599 0.58110522 0.26751323]
  [0.86624209 0.4677108  0.02395966]]

 [[0.94483702 0.76848296 0.78232704]
  [0.30389784 0.2663812  0.98470521]
  [0.50696485 0.58891054 0.88372625]]][[[0.51684794 0.03465275 0.5980791 ]
  [0.89967371 0.46720266 0.71598396]
  [0.32392799 0.71390596 0.83012348]]

 [[0.14349901 0.18961486 0.73208117]
  [0.31669086 0.20895814 0.32874838]
  [0.9425216  0.80160659 0.1890518 ]]

 [[0.47525371 0.48501375 0.05927296]
  [0.14176455 0.46873545 0.49763825]
  [0.53255774 0.29949006 0.10776476]]][[[0.65799739 0.16464305 0.17092394]
  [0.14887276 0.68590986 0.93609261]
  [0.08386702 0.2263283  0.75142551]]

 [[0.19728724 0.28191719 0.29356579]
  [0.98784118 0.81748315 0.49147985]
  [0.38081992 0.33447934 0.02055455]]

 [[0.45043012 0.36635261 0.60162574]
  [0.17594009 0.75677185 0.44495734]
  [0.18811417 0.5376735  0.52304592]]][[[0.11884799 0.58547593 0.62600008]
  [0.87235863 0.99455684 0.6958626 ]
  [0.36624635 0.97134953 0.68240655]]

 [[0.21467106 0.23178363 0.22857741]
  [0.99657694 0.66341431 0.05697217]
  [0.8104984  0.50568992 0.15010176]]

 [[0.55133817 0.30192458 0.75139946]
  [0.40858596 0.70959079 0.4822147 ]
  [0.61994075 0.61527315 0.54366747]]][[[0.31117196 0.89036163 0.87584509]
  [0.12465872 0.88378437 0.99369302]
  [0.75616458 0.45056188 0.98933105]]

 [[0.07993297 0.16341351 0.22531827]
  [0.02713614 0.25960458 0.26470819]
  [0.05137251 0.87441864 0.46481268]]

 [[0.25666061 0.07983136 0.15426537]
  [0.2763269  0.02083433 0.45070749]
  [0.76098706 0.69173352 0.64034446]]][[[0.01559151 0.40640555 0.34945931]
  [0.03372721 0.63482745 0.37108022]
  [0.76157982 0.14741266 0.09561138]]

 [[0.17855643 0.86449604 0.64599884]
  [0.25395753 0.79195702 0.47903773]
  [0.02245019 0.52619606 0.454286  ]]

 [[0.74341425 0.12273372 0.7734708 ]
  [0.6517285  0.06599457 0.46661507]
  [0.6207467  0.04146757 0.56812738]]][[[0.63230079 0.89199179 0.69718801]
  [0.25152146 0.51746985 0.77589998]
  [0.75861929 0.48844853 0.93643393]]

 [[0.12019881 0.46697519 0.27261035]
  [0.38606028 0.47570333 0.28502202]
  [0.43197184 0.49979218 0.96041043]]

 [[0.89671446 0.56360161 0.2760825 ]
  [0.06184439 0.58443273 0.58017153]
  [0.20694068 0.50831531 0.90122413]]][[[3.24860758e-01 4.35993378e-01 7.56824475e-01]
  [1.81284421e-02 7.21988235e-01 6.02516104e-01]
  [4.95453897e-01 7.68907059e-01 7.59128006e-01]]

 [[4.74388026e-01 9.49746937e-01 5.52905753e-01]
  [2.25075399e-01 3.03671191e-04 4.11051995e-01]
  [6.97014767e-01 2.96572831e-01 5.52639265e-01]]

 [[8.27390858e-01 3.45310776e-01 7.00147024e-01]
  [3.93512700e-01 5.83114259e-01 6.32277812e-01]
  [1.52556618e-01 6.12378331e-01 8.90967585e-01]]][[[0.05750249 0.21964679 0.9818703 ]
  [0.03287289 0.07887365 0.48735538]
  [0.59211324 0.09916894 0.46733418]]

 [[0.26389282 0.95758394 0.88571793]
  [0.17925722 0.65774788 0.49145313]
  [0.15615121 0.85916872 0.9293708 ]]

 [[0.72105502 0.62480311 0.10542858]
  [0.47059003 0.79353772 0.00735069]
  [0.95389987 0.15125924 0.21602114]]][[[0.76577474 0.51282634 0.55828156]
  [0.70952839 0.43860438 0.73106777]
  [0.39340344 0.02995498 0.02128911]]

 [[0.58376596 0.48342527 0.91233011]
  [0.82529544 0.87621839 0.83338244]
  [0.35534937 0.11016563 0.2300432 ]]

 [[0.48381155 0.70931689 0.16480059]
  [0.91949918 0.39567528 0.61282952]
  [0.83819302 0.78587383 0.87371978]]][[[0.11293473 0.22742274 0.9093264 ]
  [0.26664276 0.93903466 0.52369114]
  [0.57885261 0.09679842 0.49513129]]

 [[0.99050626 0.12808936 0.87544692]
  [0.84558492 0.57680732 0.45420273]
  [0.80966268 0.60500895 0.22046086]]

 [[0.97251646 0.19820395 0.36170152]
  [0.57937521 0.70493612 0.75038103]
  [0.20689875 0.59727386 0.34899994]]][[[0.43119938 0.25338031 0.74728783]
  [0.35316168 0.35536829 0.4232987 ]
  [0.38133982 0.00304305 0.05619997]]

 [[0.25744454 0.20982086 0.09067074]
  [0.33294923 0.28936856 0.50399989]
  [0.93465814 0.17217505 0.74746352]]

 [[0.59262676 0.73088008 0.3630752 ]
  [0.75081396 0.85995598 0.50153235]
  [0.06280089 0.62505693 0.32505589]]][[[0.88978006 0.38299863 0.9469777 ]
  [0.56051584 0.58288347 0.68937922]
  [0.39278184 0.21997367 0.17179989]]

 [[0.32022077 0.13098385 0.7353351 ]
  [0.3452159  0.62786086 0.72681829]
  [0.0119231  0.90877575 0.72998547]]

 [[0.4239973  0.03584436 0.4615898 ]
  [0.48263185 0.14110404 0.34942932]
  [0.10005817 0.32910516 0.93703495]]][[[0.83517495 0.60613865 0.24920605]
  [0.766681   0.85231818 0.73156785]
  [0.11278538 0.9718528  0.31670186]]

 [[0.44872666 0.75383994 0.83366428]
  [0.78911253 0.27761645 0.86238842]
  [0.55376303 0.10553588 0.02030559]]

 [[0.21291809 0.33461982 0.02883813]
  [0.20640892 0.45511254 0.81378702]
  [0.05216568 0.72834231 0.40099753]]][[[0.2974145  0.55898772 0.51801504]
  [0.31285225 0.70530113 0.89552427]
  [0.59398441 0.11753408 0.79674895]]

 [[0.12633483 0.70914192 0.97474352]
  [0.9030017  0.98422653 0.03421622]
  [0.65866679 0.35834352 0.82723514]]

 [[0.11994924 0.69168791 0.25778628]
  [0.01325985 0.01229234 0.22676433]
  [0.96592285 0.61535916 0.02658784]]][[[0.23169311 0.55474113 0.97644434]
  [0.94488414 0.01330576 0.79590123]
  [0.76299094 0.54977546 0.59945873]]

 [[0.27964435 0.15234524 0.18999068]
  [0.29950668 0.79505796 0.04900909]
  [0.71165466 0.44756862 0.53234426]]

 [[0.14082822 0.05067612 0.14614212]
  [0.21408499 0.51380189 0.90174775]
  [0.68479841 0.30097413 0.02177315]]][[[0.94058216 0.50974947 0.54732131]
  [0.65031654 0.59375915 0.4764251 ]
  [0.67884923 0.05461508 0.87821142]]

 [[0.09911375 0.03060151 0.532251  ]
  [0.01641137 0.96404513 0.96255985]
  [0.84201341 0.33572344 0.74248093]]

 [[0.6657087  0.92030209 0.92326332]
  [0.93875893 0.58086044 0.67299619]
  [0.71898665 0.3953967  0.64680875]]][[[2.40171195e-01 8.01372545e-01 6.49561818e-01]
  [6.21232421e-04 4.53261191e-01 6.47773836e-01]
  [3.47595594e-01 1.80923972e-01 5.97130088e-01]]

 [[8.23375813e-01 7.12520608e-01 1.13049954e-01]
  [4.19684547e-02 5.69225681e-01 1.82883620e-01]
  [9.05203539e-01 2.88388991e-01 9.32142752e-01]]

 [[7.39989010e-01 9.48138310e-01 3.16279433e-01]
  [7.75813947e-01 8.84288773e-01 4.25246642e-01]
  [6.06743463e-01 5.52194233e-01 5.85000126e-01]]][[[0.05883372 0.44546888 0.4065055 ]
  [0.29562186 0.04359719 0.22173173]
  [0.94227131 0.29134098 0.15170767]]

 [[0.38740433 0.75352098 0.86823123]
  [0.42008783 0.41750826 0.42508204]
  [0.40707826 0.89783097 0.52193884]]

 [[0.25434385 0.84607228 0.18939252]
  [0.6870646  0.79794367 0.32728909]
  [0.46206343 0.67105988 0.04836806]]][[[0.15060831 0.58228537 0.9135772 ]
  [0.23091317 0.43056988 0.04745535]
  [0.18196805 0.33096407 0.33911261]]

 [[0.94892749 0.29550441 0.60568758]
  [0.94994742 0.15878796 0.69064109]
  [0.72363473 0.90361433 0.8418129 ]]

 [[0.04251242 0.04504115 0.50609514]
  [0.19201092 0.12813413 0.2436952 ]
  [0.43337102 0.83335234 0.07085431]]][[[0.77358704 0.76347566 0.68273319]
  [0.92027071 0.19613984 0.66186406]
  [0.55871752 0.63254968 0.77883961]]

 [[0.2133005  0.66901656 0.92775698]
  [0.29120327 0.16693957 0.96984971]
  [0.81455519 0.63928837 0.74357201]]

 [[0.11447715 0.20720021 0.04845596]
  [0.36721106 0.18205955 0.88651132]
  [0.43699699 0.02235762 0.77524808]]][[[0.77363785 0.91185018 0.92666758]
  [0.61701028 0.29330362 0.54868831]
  [0.14191661 0.27756407 0.8020999 ]]

 [[0.81260812 0.78634894 0.01611552]
  [0.79796374 0.61704732 0.19289823]
  [0.4197916  0.06752386 0.96698472]]

 [[0.45862211 0.18272723 0.69114401]
  [0.63461224 0.86908945 0.98102423]
  [0.74808246 0.93382594 0.6852826 ]]][[[0.72893442 0.48642143 0.78916173]
  [0.47629988 0.21861681 0.10215213]
  [0.10101912 0.55111652 0.1650638 ]]

 [[0.29778575 0.47656595 0.30313686]
  [0.61336065 0.17211512 0.21367073]
  [0.32348846 0.23082236 0.90381238]]

 [[0.56286643 0.76094784 0.92331784]
  [0.68545541 0.3572102  0.41722158]
  [0.32213766 0.36829901 0.40025674]]][[[0.21014422 0.62482327 0.64405748]
  [0.81910645 0.02982778 0.44398604]
  [0.59182236 0.44398736 0.55848769]]

 [[0.59941788 0.36520635 0.76953866]
  [0.35711524 0.8779383  0.12612978]
  [0.30266754 0.87973862 0.58292191]]

 [[0.47971039 0.37188828 0.52208876]
  [0.47648353 0.226324   0.68310643]
  [0.2950627  0.20856359 0.47061285]]][[[0.65789456 0.4189031  0.112073  ]
  [0.97241792 0.66626366 0.88365864]
  [0.26559834 0.78740379 0.73744351]]

 [[0.15580516 0.29752857 0.15174148]
  [0.99652202 0.4681622  0.68168441]
  [0.82381841 0.35393629 0.68003603]]

 [[0.74545582 0.59471931 0.19951814]
  [0.3446083  0.03329923 0.6185236 ]
  [0.94175608 0.11236537 0.91728985]]][[[0.32167036 0.54589714 0.22941852]
  [0.58251839 0.10461713 0.21255208]
  [0.90382321 0.92269677 0.05437381]]

 [[0.8410247  0.37454102 0.51746993]
  [0.32079832 0.82833327 0.14739171]
  [0.16386136 0.88981476 0.95556484]]

 [[0.48081998 0.51712215 0.47924691]
  [0.0058896  0.73516768 0.13519987]
  [0.56872109 0.55736049 0.08015127]]][[[0.31447048 0.11302373 0.00529708]
  [0.82027895 0.30065573 0.72074141]
  [0.12423127 0.10948917 0.87097971]]

 [[0.20893068 0.30520132 0.59754078]
  [0.48206232 0.58719405 0.82676885]
  [0.23077063 0.51695941 0.71337202]]

 [[0.6333173  0.77996725 0.69744122]
  [0.97195043 0.77321404 0.20912748]
  [0.95953403 0.53928926 0.49069695]]][[[0.5028343  0.91036822 0.3707058 ]
  [0.45597672 0.58252282 0.27467635]
  [0.48316366 0.21328778 0.73469058]]

 [[0.31894996 0.54921454 0.06949701]
  [0.39996449 0.38498437 0.43542688]
  [0.99161038 0.83343665 0.08013671]]

 [[0.54151933 0.82971274 0.24692059]
  [0.39090766 0.01669418 0.53647327]
  [0.53571266 0.30785815 0.74371611]]][[[0.60544368 0.29655884 0.70150061]
  [0.84146081 0.88884262 0.29483326]
  [0.37306811 0.14921671 0.71691004]]

 [[0.93209721 0.61663104 0.01509915]
  [0.91624118 0.2729791  0.2656657 ]
  [0.28471825 0.41251921 0.70834748]]

 [[0.15896296 0.0998446  0.14574615]
  [0.48496777 0.53777163 0.05153115]
  [0.38882238 0.16884589 0.88685066]]][[[0.95577638 0.4754785  0.7583693 ]
  [0.45066371 0.92039625 0.81473283]
  [0.29183312 0.21878497 0.4700802 ]]

 [[0.08908487 0.91406163 0.55703656]
  [0.68864259 0.84330182 0.18465413]
  [0.35276903 0.22457365 0.67671854]]

 [[0.6861205  0.94381531 0.83733484]
  [0.64549151 0.99734916 0.39729992]
  [0.99311076 0.00297192 0.28375201]]][[[0.93492089 0.54750777 0.59748669]
  [0.70720785 0.20421837 0.29512527]
  [0.89060529 0.4838992  0.71849964]]

 [[0.28537498 0.94267087 0.06078509]
  [0.87707204 0.72076947 0.77931695]
  [0.71508846 0.5743288  0.30959764]]

 [[0.58030279 0.3830828  0.70121691]
  [0.44512843 0.76261504 0.36989341]
  [0.48592403 0.02099843 0.72103364]]][[[0.99062317 0.31166896 0.51838843]
  [0.46935196 0.14441334 0.03987414]
  [0.57142413 0.14897345 0.56170425]]

 [[0.48438265 0.78464215 0.81413098]
  [0.39745871 0.56873687 0.21197351]
  [0.24423282 0.98546686 0.02098031]]

 [[0.60531002 0.17100816 0.49135228]
  [0.68112657 0.79518113 0.03892544]
  [0.13725124 0.59005154 0.3232191 ]]][[[0.24409886 0.72100619 0.04405462]
  [0.06457711 0.46097644 0.20004546]
  [0.32513895 0.20374187 0.06130457]]

 [[0.92604117 0.27740945 0.89840283]
  [0.69116928 0.74188981 0.47703145]
  [0.87577671 0.78231887 0.66087535]]

 [[0.8553996  0.98609316 0.1389848 ]
  [0.23181064 0.53592964 0.00225362]
  [0.47948223 0.83288299 0.44846135]]][[[0.48267909 0.61897705 0.44008756]
  [0.74139878 0.31904118 0.43897816]
  [0.14955715 0.27317146 0.6458741 ]]

 [[0.56122093 0.66263515 0.06080346]
  [0.45197406 0.75222862 0.23346803]
  [0.39400261 0.96132022 0.11616171]]

 [[0.92459736 0.36269206 0.04415046]
  [0.12647885 0.72461156 0.79656306]
  [0.31728255 0.17985705 0.47377046]]][[[0.97690744 0.02873716 0.49723867]
  [0.85496835 0.4365067  0.7525851 ]
  [0.93538942 0.73289677 0.65710339]]

 [[0.43605552 0.67853112 0.5158641 ]
  [0.97985195 0.09124308 0.23495746]
  [0.48568087 0.78565013 0.98861332]]

 [[0.08118547 0.23740506 0.5450024 ]
  [0.21645401 0.29382781 0.3129563 ]
  [0.12212982 0.79825246 0.08938573]]][[[0.80308188 0.44025182 0.25484117]
  [0.76945032 0.37257994 0.94537772]
  [0.35460686 0.17343812 0.5653885 ]]

 [[0.30171896 0.6528195  0.90639609]
  [0.70717448 0.45331803 0.28339347]
  [0.74827825 0.47098214 0.0772838 ]]

 [[0.72747466 0.60645266 0.20779613]
  [0.02494001 0.40024129 0.90164234]
  [0.33627018 0.09460032 0.01189454]]][[[0.76452649 0.76260885 0.03631033]
  [0.8686471  0.52918955 0.8933829 ]
  [0.90751827 0.22705712 0.36483337]]

 [[0.21491397 0.42102079 0.10174572]
  [0.96370331 0.75817894 0.88582456]
  [0.82569655 0.84794265 0.66323907]]

 [[0.30277301 0.24702701 0.07416344]
  [0.69878593 0.11971596 0.86255319]
  [0.83675826 0.46682347 0.2147287 ]]][[[0.54103607 0.66835763 0.6247624 ]
  [0.03127737 0.32327095 0.42881129]
  [0.39116535 0.78180881 0.03699256]]

 [[0.18807376 0.27948702 0.99324594]
  [0.62471561 0.70501737 0.36939912]
  [0.6627858  0.64968541 0.65127529]]

 [[0.15468017 0.72739742 0.45522247]
  [0.28246451 0.87002021 0.80857213]
  [0.12445354 0.34007846 0.85967805]]][[[0.27656871 0.41975874 0.29784658]
  [0.26353693 0.33464639 0.8579073 ]
  [0.52459352 0.70746361 0.69353212]]

 [[0.26527485 0.29802898 0.59418927]
  [0.31547984 0.71133291 0.1515225 ]
  [0.99739649 0.74081588 0.99979435]]

 [[0.76427854 0.35931421 0.27251592]
  [0.38411416 0.45231237 0.46771916]
  [0.98151724 0.74529132 0.20811495]]][[[0.75555879 0.04604671 0.84929044]
  [0.64931484 0.12251313 0.353405  ]
  [0.42296192 0.86092386 0.89803889]]

 [[0.99931898 0.21869441 0.695332  ]
  [0.3491544  0.75584669 0.04462934]
  [0.73514586 0.56011315 0.09903985]]

 [[0.14375921 0.07583047 0.56702223]
  [0.78907728 0.39287167 0.4468867 ]
  [0.85130268 0.50480683 0.25214241]]][[[0.8689951  0.70432353 0.244379  ]
  [0.99192784 0.6339646  0.71497955]
  [0.11736563 0.77712277 0.81195234]]

 [[0.11186514 0.85611662 0.32526014]
  [0.08382162 0.44474113 0.30604929]
  [0.81256518 0.76236042 0.21014932]]

 [[0.96686368 0.9622746  0.52094532]
  [0.96026183 0.51847252 0.98107248]
  [0.96499792 0.33686543 0.79025386]]][[[0.40281091 0.8516124  0.66448654]
  [0.16699892 0.6485525  0.13678031]
  [0.16102371 0.86216806 0.85409725]]

 [[0.06925492 0.13696352 0.73349905]
  [0.3459644  0.37395981 0.29682239]
  [0.67090576 0.0682766  0.52910028]]

 [[0.82117713 0.89297341 0.4383797 ]
  [0.35028129 0.61043049 0.78901153]
  [0.14392375 0.77775393 0.50608149]]]