[[[0.28030931 0.74368944 0.18146768]
  [0.57190611 0.0223804  0.92759878]
  [0.89038089 0.59905654 0.87391566]]

 [[0.78950953 0.66462497 0.94843664]
  [0.32713767 0.11286836 0.16075262]
  [0.37316791 0.93735956 0.20853093]]

 [[0.13774186 0.34503551 0.75145444]
  [0.44803509 0.9741436  0.12914593]
  [0.02515795 0.30770764 0.57970053]]][[[0.33517518 0.82596185 0.78443088]
  [0.563092   0.80034742 0.60568607]
  [0.72785475 0.43132079 0.43489378]]

 [[0.08943256 0.15948529 0.8547687 ]
  [0.87869112 0.87775717 0.50267862]
  [0.61738061 0.18486629 0.7511408 ]]

 [[0.61584672 0.63446311 0.03112904]
  [0.25521837 0.92658052 0.08560431]
  [0.56709563 0.40550577 0.76158246]]][[[0.32038391 0.36197874 0.54287559]
  [0.75889654 0.25073332 0.30895429]
  [0.56619125 0.87355415 0.02602694]]

 [[0.58812673 0.75450815 0.93668444]
  [0.3088893  0.01977361 0.73052763]
  [0.39913358 0.5407469  0.75852505]]

 [[0.8731839  0.51104274 0.69730182]
  [0.40062365 0.06247763 0.4417613 ]
  [0.43210676 0.59099321 0.87168509]]][[[0.78605944 0.34734531 0.64275004]
  [0.09062981 0.55230428 0.94021064]
  [0.87462443 0.47963297 0.79141399]]

 [[0.84667995 0.52901649 0.31872843]
  [0.5115721  0.85609093 0.52099057]
  [0.90081539 0.70158656 0.41765426]]

 [[0.68121754 0.60008578 0.9957008 ]
  [0.49489309 0.78088478 0.15110641]
  [0.65460477 0.32157649 0.22661926]]][[[0.18494745 0.31368186 0.74532059]
  [0.26919396 0.76107093 0.03272084]
  [0.81776619 0.90835425 0.97367171]]

 [[0.62246408 0.05276861 0.09596889]
  [0.59211118 0.69238704 0.4401512 ]
  [0.9302648  0.96254923 0.98543842]]

 [[0.10413757 0.61238962 0.10958341]
  [0.42170655 0.0861902  0.58185245]
  [0.96980423 0.67854266 0.10690782]]][[[0.56451794 0.57705796 0.85744675]
  [0.63446636 0.67952596 0.36315695]
  [0.56779603 0.74795645 0.55550717]]

 [[0.50973946 0.69188162 0.23007034]
  [0.83104896 0.44033542 0.17395701]
  [0.56299443 0.43871612 0.7841093 ]]

 [[0.86031586 0.08024466 0.16902912]
  [0.76002237 0.64052106 0.76252448]
  [0.86341977 0.72546686 0.63592979]]][[[0.91187996 0.76908371 0.52791324]
  [0.92245589 0.60740783 0.75121042]
  [0.76396402 0.3175856  0.45421485]]

 [[0.61876637 0.20918561 0.29046578]
  [0.70444921 0.06514518 0.71029047]
  [0.7311433  0.69787903 0.59030572]]

 [[0.14053025 0.62012798 0.17902444]
  [0.200068   0.68476231 0.19494027]
  [0.20248099 0.65703763 0.91666838]]][[[0.03463602 0.09653224 0.14092839]
  [0.30579665 0.58459354 0.29492399]
  [0.38962615 0.91080624 0.03523385]]

 [[0.46953151 0.33178239 0.1896292 ]
  [0.53930505 0.64844722 0.99862109]
  [0.70225663 0.97226827 0.00452448]]

 [[0.88763661 0.15497397 0.32854859]
  [0.74538861 0.57553539 0.40152724]
  [0.93105764 0.56768854 0.29677011]]][[[0.78860677 0.76841361 0.20076176]
  [0.8558741  0.99473326 0.60127044]
  [0.71597742 0.33852536 0.95130961]]

 [[0.50989995 0.498005   0.78982787]
  [0.93435314 0.86870738 0.65495062]
  [0.29003666 0.55369917 0.96786315]]

 [[0.43924501 0.49854252 0.0711947 ]
  [0.10760493 0.43242072 0.86061446]
  [0.66695236 0.53381249 0.57684459]]][[[0.6728335  0.89090264 0.80637785]
  [0.82584951 0.62492092 0.38457985]
  [0.84481254 0.71163024 0.06190471]]

 [[0.96422338 0.10591218 0.51837023]
  [0.65663749 0.02654567 0.21444962]
  [0.79812104 0.99513664 0.70982136]]

 [[0.53465747 0.48400948 0.05443352]
  [0.52950347 0.35916055 0.24540958]
  [0.04764866 0.94196332 0.26268331]]][[[0.1304421  0.78583058 0.47293761]
  [0.26474435 0.56756802 0.85488822]
  [0.3710154  0.12729391 0.16823989]]

 [[0.99398367 0.71875244 0.19039414]
  [0.49060445 0.72917965 0.26521886]
  [0.92869517 0.54647676 0.82720039]]

 [[0.09825151 0.65951847 0.43412329]
  [0.38824899 0.36974582 0.03906417]
  [0.21329368 0.30456712 0.97660047]]][[[0.33455985 0.71674574 0.96798913]
  [0.6894687  0.68032185 0.99992288]
  [0.31408686 0.94501208 0.29465329]]

 [[0.05627336 0.97761155 0.80076349]
  [0.72746428 0.26120252 0.03151339]
  [0.18656111 0.79461448 0.30899455]]

 [[0.12243897 0.58765921 0.79010605]
  [0.13634223 0.20534024 0.06716314]
  [0.98810332 0.76815844 0.15346927]]][[[0.09040804 0.68216476 0.39954298]
  [0.74880247 0.74004653 0.334352  ]
  [0.82728225 0.27330802 0.96583436]]

 [[0.3421471  0.58633486 0.11174255]
  [0.06664619 0.07217403 0.40692196]
  [0.47025389 0.71197633 0.17186997]]

 [[0.09877111 0.0357371  0.59920862]
  [0.04623019 0.95988692 0.13727814]
  [0.04040201 0.75293097 0.88450416]]][[[0.34027778 0.63270003 0.64850728]
  [0.70548579 0.27825816 0.16506245]
  [0.01592003 0.17495807 0.49463143]]

 [[0.53429241 0.42470022 0.28278432]
  [0.37099413 0.90524343 0.90276396]
  [0.32003006 0.36045461 0.28420572]]

 [[0.04169365 0.14711174 0.66668307]
  [0.1598034  0.57270885 0.82536778]
  [0.37103886 0.70432134 0.94898324]]][[[0.94789723 0.72295134 0.87010847]
  [0.82736604 0.09877049 0.92568036]
  [0.27753176 0.42500517 0.18958182]]

 [[0.24607297 0.8237883  0.93114138]
  [0.18867212 0.0263426  0.83869475]
  [0.18027564 0.74968186 0.69880533]]

 [[0.67628918 0.75033694 0.75327782]
  [0.10250141 0.41724116 0.8097873 ]
  [0.7385263  0.57209435 0.8920002 ]]][[[0.74079    0.01186338 0.67509904]
  [0.06892566 0.1324268  0.94927977]
  [0.97985172 0.35243607 0.70168287]]

 [[0.34262078 0.36801101 0.26706888]
  [0.1134694  0.02460808 0.01707744]
  [0.61018893 0.91872687 0.84060857]]

 [[0.34355557 0.56603346 0.25528982]
  [0.92425432 0.44470808 0.07853793]
  [0.94375944 0.98423535 0.36247279]]][[[0.64897458 0.49250626 0.57164745]
  [0.4745064  0.51413804 0.66575843]
  [0.86631533 0.3547002  0.72668245]]

 [[0.87395854 0.1067746  0.34115943]
  [0.37264866 0.5698684  0.72766255]
  [0.04163578 0.10568536 0.24435729]]

 [[0.07855847 0.15928534 0.60892075]
  [0.51372898 0.16768132 0.7457864 ]
  [0.52870375 0.77082811 0.49446128]]][[[0.58989952 0.88988671 0.11054074]
  [0.33940284 0.54648907 0.93765525]
  [0.2487849  0.91047108 0.76400456]]

 [[0.31225166 0.91809204 0.68853294]
  [0.98675093 0.56058895 0.65101832]
  [0.94070877 0.36893421 0.65906265]]

 [[0.5108175  0.83721779 0.17315671]
  [0.78823696 0.42239278 0.21009801]
  [0.01366955 0.49770527 0.85290586]]][[[0.21602155 0.29379461 0.45692419]
  [0.52717069 0.28266039 0.6632555 ]
  [0.29568385 0.09037465 0.91907893]]

 [[0.88838197 0.59360692 0.93608891]
  [0.57069488 0.75206721 0.38514909]
  [0.38233983 0.84246872 0.77808485]]

 [[0.07199602 0.04572092 0.46128884]
  [0.61454605 0.8732743  0.12561757]
  [0.4385045  0.08265155 0.73050902]]][[[0.77942025 0.45499856 0.69497109]
  [0.8274992  0.84648518 0.23564156]
  [0.84237185 0.01643214 0.47641896]]

 [[0.57590747 0.69023811 0.22632779]
  [0.84792014 0.27807089 0.35918811]
  [0.21235032 0.6148233  0.64805684]]

 [[0.36055921 0.60685446 0.93263477]
  [0.15539479 0.14986648 0.18540512]
  [0.94988043 0.76005973 0.51556999]]][[[0.21740428 0.87959332 0.7339088 ]
  [0.8272101  0.53397871 0.03871662]
  [0.10611922 0.48469426 0.03763168]]

 [[0.06624914 0.20372276 0.5300675 ]
  [0.4871565  0.5951789  0.05134677]
  [0.0332147  0.77353862 0.7312773 ]]

 [[0.81915864 0.34269235 0.01061802]
  [0.39904714 0.29473242 0.66414704]
  [0.73288088 0.76542479 0.86028818]]][[[0.38992695 0.31117423 0.69713265]
  [0.1146997  0.05416064 0.50391783]
  [0.06697252 0.19192928 0.01260094]]

 [[0.55085385 0.65019665 0.92169618]
  [0.95924955 0.03421645 0.54281   ]
  [0.28314874 0.67321099 0.57441084]]

 [[0.5077535  0.30685157 0.80269537]
  [0.11639718 0.95010644 0.84133189]
  [0.31044884 0.89044855 0.82015142]]][[[0.3600173  0.71465291 0.16145389]
  [0.50296773 0.75088693 0.86059325]
  [0.88171861 0.57436597 0.21991669]]

 [[0.48524535 0.9110646  0.79831822]
  [0.61501298 0.53723269 0.10456479]
  [0.58654414 0.00784697 0.73933901]]

 [[0.48156509 0.58161103 0.56292777]
  [0.53422842 0.99426767 0.06465998]
  [0.58842759 0.17134097 0.45777545]]][[[0.89993048 0.62683507 0.50623815]
  [0.493155   0.21545131 0.5053814 ]
  [0.306944   0.89610941 0.03429626]]

 [[0.22523657 0.08488717 0.03102185]
  [0.52822367 0.16772259 0.4425282 ]
  [0.82640662 0.53333127 0.24070505]]

 [[0.93513928 0.31640012 0.28349205]
  [0.78443543 0.4360986  0.48816485]
  [0.59110384 0.71211578 0.35768645]]][[[0.43909403 0.35847321 0.70392849]
  [0.27454376 0.66028014 0.97454905]
  [0.7202409  0.7690073  0.6954437 ]]

 [[0.68324455 0.98958817 0.57640291]
  [0.87626381 0.24029609 0.11085086]
  [0.25299622 0.32558359 0.82019775]]

 [[0.5026109  0.84622463 0.82147461]
  [0.13263074 0.72325306 0.82321789]
  [0.57694084 0.32213961 0.83623177]]][[[0.60578686 0.96126585 0.26014371]
  [0.75611819 0.30818776 0.10978708]
  [0.03670099 0.69414337 0.00522533]]

 [[0.16172144 0.49589097 0.91971143]
  [0.41063518 0.97057188 0.58698477]
  [0.91668448 0.60570956 0.68935063]]

 [[0.83937451 0.10949783 0.57203161]
  [0.41232779 0.30966602 0.43019161]
  [0.57308177 0.67984213 0.21060217]]][[[0.59850311 0.98080047 0.12947563]
  [0.22529966 0.73205694 0.26794696]
  [0.11685724 0.48538737 0.39383399]]

 [[0.42910108 0.52796639 0.09799092]
  [0.42751641 0.19042112 0.29750503]
  [0.22059648 0.84204436 0.45241625]]

 [[0.44221938 0.88872624 0.50580217]
  [0.41563634 0.6300061  0.61222513]
  [0.49212682 0.87849755 0.89184868]]][[[0.68006366 0.19358454 0.96077481]
  [0.07671131 0.80709421 0.26719578]
  [0.59688201 0.65047227 0.9512938 ]]

 [[0.37226886 0.45814113 0.63777855]
  [0.5902085  0.8409642  0.65117049]
  [0.20839667 0.13763762 0.26059318]]

 [[0.98669286 0.87455407 0.71965092]
  [0.97380608 0.4626412  0.27718502]
  [0.7031499  0.70414305 0.93439702]]][[[0.05114772 0.86372767 0.23983185]
  [0.24592417 0.38168549 0.01883129]
  [0.37549072 0.54441344 0.4575487 ]]

 [[0.58743467 0.82309798 0.73276344]
  [0.61782217 0.82478895 0.7972359 ]
  [0.20292732 0.7401076  0.70748985]]

 [[0.83827927 0.51002277 0.68115536]
  [0.46969791 0.29003478 0.04718975]
  [0.90083293 0.49513521 0.16700366]]][[[0.26998573 0.71370915 0.3820113 ]
  [0.5627812  0.98345414 0.18625221]
  [0.7057253  0.780564   0.60337542]]

 [[0.64793364 0.33102261 0.24419099]
  [0.77847976 0.4908651  0.179296  ]
  [0.43685363 0.85557759 0.35992475]]

 [[0.06106346 0.43840481 0.90060677]
  [0.25622302 0.27528122 0.11362066]
  [0.7987133  0.87273329 0.96376281]]][[[0.20923041 0.81170527 0.32905512]
  [0.47665136 0.85663296 0.60113014]
  [0.61155807 0.14466756 0.26102653]]

 [[0.34693406 0.44376861 0.45907991]
  [0.42198889 0.86388915 0.43747607]
  [0.9330601  0.77650772 0.91202323]]

 [[0.95255437 0.92451818 0.7503123 ]
  [0.82905993 0.17918478 0.59788321]
  [0.87921286 0.83846159 0.12979298]]][[[0.59700343 0.02926997 0.68235013]
  [0.02548119 0.82575336 0.65684949]
  [0.18306031 0.10534587 0.40777212]]

 [[0.29930778 0.13382438 0.92263727]
  [0.23664009 0.95939303 0.45778277]
  [0.29344477 0.33345791 0.74405607]]

 [[0.32539849 0.69455311 0.81182759]
  [0.25497342 0.70972902 0.22267881]
  [0.48610097 0.43146218 0.39631711]]][[[0.74731073 0.51669131 0.54148383]
  [0.7573272  0.41781616 0.19258678]
  [0.70727856 0.90025398 0.63620675]]

 [[0.34980804 0.72388886 0.69573257]
  [0.19165671 0.78781608 0.87544738]
  [0.91621298 0.71265585 0.29313249]]

 [[0.60728265 0.30439399 0.6797604 ]
  [0.43506046 0.94387679 0.38457957]
  [0.40974795 0.62759568 0.88353481]]][[[0.47682319 0.36197845 0.01739559]
  [0.74913731 0.81202215 0.81382605]
  [0.22859827 0.63314993 0.22577539]]

 [[0.36030824 0.55944347 0.55923298]
  [0.43541983 0.83125798 0.83117133]
  [0.83692393 0.52545447 0.06903193]]

 [[0.13219789 0.11187958 0.52432076]
  [0.4627066  0.65165863 0.23306987]
  [0.76282308 0.01033862 0.21356464]]][[[6.34041169e-01 3.21355889e-01 7.55575071e-01]
  [6.59588621e-01 3.66589576e-01 2.46498301e-01]
  [7.55528604e-01 3.51389134e-01 4.51581376e-02]]

 [[7.24573499e-02 8.71507722e-01 1.02874952e-01]
  [3.29962955e-01 6.63384508e-01 7.63696947e-02]
  [5.75119316e-01 6.91700326e-01 3.38429693e-01]]

 [[3.01942850e-01 4.67251801e-01 5.79292173e-01]
  [4.20717208e-01 2.86615500e-01 2.70949065e-01]
  [9.21872054e-01 4.64127509e-04 1.09081577e-01]]][[[0.97720718 0.55706549 0.46379281]
  [0.90112833 0.0187566  0.65748844]
  [0.74436385 0.69643411 0.52444906]]

 [[0.59044358 0.14076944 0.98923175]
  [0.72492068 0.60126289 0.6726731 ]
  [0.42271365 0.64048521 0.17037303]]

 [[0.21753614 0.35027946 0.55677392]
  [0.38442228 0.11372592 0.83573987]
  [0.424982   0.51146522 0.18116006]]][[[0.70097096 0.25502513 0.29388869]
  [0.07482924 0.18609312 0.82281055]
  [0.64894312 0.75783618 0.35247119]]

 [[0.0957315  0.77619122 0.52748772]
  [0.04262492 0.68789365 0.13916627]
  [0.00309727 0.71598248 0.27804881]]

 [[0.02883036 0.01271466 0.23716638]
  [0.44052784 0.99871463 0.40286752]
  [0.80268591 0.87759653 0.07805285]]][[[0.59484786 0.11171728 0.35826634]
  [0.85000022 0.83191948 0.94066052]
  [0.98629125 0.04751094 0.31298532]]

 [[0.59790949 0.48961413 0.82526833]
  [0.22241103 0.82664639 0.32625944]
  [0.50762389 0.15635683 0.34432821]]

 [[0.94971966 0.06483187 0.34760721]
  [0.20550879 0.17942727 0.5026297 ]
  [0.39851141 0.30619552 0.11694292]]][[[0.17192676 0.23333741 0.15061315]
  [0.54418535 0.72032469 0.90366257]
  [0.20314697 0.47921902 0.58863919]]

 [[0.85128661 0.90820256 0.21816248]
  [0.94763369 0.44360761 0.23347634]
  [0.91410713 0.62066232 0.13795749]]

 [[0.43570789 0.07028414 0.95367451]
  [0.50325556 0.23072812 0.64163079]
  [0.91498226 0.51709449 0.60896759]]][[[0.80471886 0.15960666 0.3055941 ]
  [0.98383041 0.08588044 0.85349823]
  [0.58123817 0.24603985 0.892825  ]]

 [[0.65208568 0.45085025 0.74447319]
  [0.97819124 0.7616878  0.26965489]
  [0.6869415  0.01662408 0.34085001]]

 [[0.18482957 0.75307392 0.60623555]
  [0.07448066 0.03739337 0.68357457]
  [0.04907895 0.62493169 0.81150988]]][[[0.1588268  0.9462873  0.34761277]
  [0.55520316 0.44933403 0.38490239]
  [0.23537094 0.40912538 0.84587826]]

 [[0.53060583 0.01301087 0.98413025]
  [0.8422659  0.21992025 0.79346117]
  [0.95219491 0.37209436 0.17870879]]

 [[0.06829273 0.49246993 0.62323869]
  [0.16236644 0.43356792 0.05087456]
  [0.35883441 0.17320661 0.70893556]]][[[0.48177732 0.9001482  0.38998476]
  [0.71478182 0.43297959 0.2403976 ]
  [0.42412635 0.03040816 0.21413042]]

 [[0.39861022 0.58103447 0.13990916]
  [0.26948884 0.87142993 0.12928171]
  [0.09204546 0.38345745 0.52788935]]

 [[0.7646414  0.24815756 0.0404532 ]
  [0.17076213 0.2676359  0.49403536]
  [0.38293939 0.71824932 0.26989346]]][[[0.1874455  0.12079107 0.64331924]
  [0.49297031 0.15495938 0.94626135]
  [0.45343625 0.26909484 0.66841468]]

 [[0.36664166 0.12181897 0.81685186]
  [0.30578595 0.37370021 0.96157888]
  [0.20578996 0.92072072 0.25623105]]

 [[0.82439857 0.19792017 0.31258738]
  [0.41825777 0.32707609 0.21701814]
  [0.89005538 0.39874292 0.71115966]]][[[0.10909528 0.32977711 0.69442679]
  [0.00600948 0.21946033 0.3655286 ]
  [0.96408456 0.32015892 0.48137372]]

 [[0.77413856 0.14487491 0.08290733]
  [0.99517907 0.14841256 0.13838032]
  [0.67266331 0.72350661 0.61585402]]

 [[0.36664315 0.1357283  0.2337645 ]
  [0.66097164 0.00641769 0.17845359]
  [0.03180092 0.88274343 0.20538609]]][[[0.97627525 0.46699523 0.45957449]
  [0.55179329 0.56140399 0.70035831]
  [0.26376937 0.62681071 0.53865264]]

 [[0.27662421 0.26459322 0.08472624]
  [0.51312457 0.10516758 0.72912906]
  [0.11642614 0.60583218 0.06840175]]

 [[0.89878364 0.91991893 0.86633506]
  [0.02489426 0.03204777 0.42238056]
  [0.45036138 0.74244624 0.99295727]]][[[0.10255106 0.94482523 0.85777753]
  [0.29749695 0.2959807  0.28890165]
  [0.45051436 0.33057253 0.11780893]]

 [[0.13040878 0.53462598 0.42130089]
  [0.05343914 0.40801095 0.90351933]
  [0.06820099 0.57183893 0.8203688 ]]

 [[0.85614583 0.86228923 0.45995521]
  [0.78659397 0.3622052  0.52187443]
  [0.6805845  0.78644826 0.87161248]]][[[0.52596121 0.10728086 0.16602731]
  [0.21998299 0.92216955 0.9434865 ]
  [0.7357808  0.1858988  0.44542965]]

 [[0.02256434 0.81325801 0.62330333]
  [0.97097367 0.10238357 0.16027369]
  [0.08645519 0.6780786  0.22245025]]

 [[0.05725864 0.02552061 0.93042968]
  [0.24116028 0.41023269 0.97232377]
  [0.64910343 0.60378619 0.64790026]]][[[0.02559281 0.27722145 0.58369424]
  [0.42160978 0.89395434 0.90470959]
  [0.40329987 0.58667373 0.29882916]]

 [[0.4118771  0.88104881 0.04614488]
  [0.7236705  0.55066769 0.44623188]
  [0.45374818 0.63351263 0.86560993]]

 [[0.78595019 0.40263011 0.43108246]
  [0.85189147 0.27604164 0.00537677]
  [0.88136144 0.55950157 0.35495184]]][[[0.98024308 0.91060402 0.1161553 ]
  [0.37121548 0.79245654 0.10853322]
  [0.53898181 0.2958736  0.34797885]]

 [[0.4341606  0.74752144 0.01521163]
  [0.15494754 0.56063508 0.74054857]
  [0.63505498 0.72556239 0.4638742 ]]

 [[0.17522902 0.11758864 0.55477955]
  [0.98839238 0.80630994 0.85040937]
  [0.13518718 0.91682078 0.39180722]]][[[0.07718357 0.04710827 0.22917628]
  [0.18843064 0.23327906 0.09721459]
  [0.81829383 0.51253428 0.25558477]]

 [[0.84632106 0.87194971 0.40618117]
  [0.83001931 0.01647556 0.3400518 ]
  [0.95502671 0.63068471 0.52176915]]

 [[0.52514235 0.4892457  0.78011295]
  [0.99354659 0.03277004 0.28458603]
  [0.50631749 0.75566641 0.97143904]]][[[0.21724422 0.36287238 0.68587795]
  [0.95465946 0.47030451 0.28505761]
  [0.17075329 0.19971767 0.59905941]]

 [[0.4394736  0.09335783 0.77949177]
  [0.10150611 0.0021848  0.47799562]
  [0.5128793  0.55445459 0.12186638]]

 [[0.65514097 0.62814209 0.14195365]
  [0.35131699 0.55545024 0.82140868]
  [0.32193214 0.72113773 0.75731234]]][[[0.79264346 0.00845677 0.11658026]
  [0.43337561 0.74868003 0.64150172]
  [0.02199705 0.19406999 0.40654867]]

 [[0.31673269 0.481607   0.94384052]
  [0.09748395 0.55138638 0.0854751 ]
  [0.64107429 0.01717971 0.88761401]]

 [[0.75691884 0.14436394 0.25792437]
  [0.83482477 0.61031739 0.03743341]
  [0.05291725 0.21048018 0.38953657]]][[[0.34683007 0.90718816 0.47410937]
  [0.63583778 0.98256804 0.67867567]
  [0.788671   0.46849649 0.27451027]]

 [[0.89484982 0.27865648 0.23535133]
  [0.70122364 0.00387082 0.34443939]
  [0.28371862 0.07513475 0.82117748]]

 [[0.24662511 0.85313715 0.30867205]
  [0.09616669 0.24844543 0.02873456]
  [0.07763131 0.81673348 0.67334344]]][[[0.7047512  0.9583581  0.69147347]
  [0.24893584 0.88327867 0.9086252 ]
  [0.50561355 0.90072206 0.66057368]]

 [[0.37269147 0.37505296 0.26880103]
  [0.32563519 0.20797992 0.43487982]
  [0.05926155 0.22469227 0.86710131]]

 [[0.40502921 0.48957006 0.75330352]
  [0.49128473 0.00412824 0.19872498]
  [0.9142538  0.67963643 0.4207998 ]]][[[0.62959332 0.55635733 0.29941848]
  [0.63281908 0.68091178 0.48143585]
  [0.99153721 0.29962856 0.1493064 ]]

 [[0.19978162 0.94244789 0.52703439]
  [0.28344437 0.27211581 0.16314394]
  [0.64874077 0.37730716 0.753108  ]]

 [[0.7902946  0.1035559  0.63685917]
  [0.86500034 0.67569162 0.06365405]
  [0.66757714 0.97110878 0.98016487]]][[[0.35413283 0.01214911 0.1127012 ]
  [0.57719853 0.69798038 0.91776018]
  [0.63198375 0.4779366  0.71767732]]

 [[0.14687353 0.99261959 0.91432496]
  [0.18994655 0.12592581 0.12805645]
  [0.14929344 0.27051925 0.60242401]]

 [[0.07152535 0.8382686  0.09990998]
  [0.09291411 0.22288245 0.11661184]
  [0.21926641 0.47095059 0.78909213]]][[[0.75613981 0.92891429 0.10412457]
  [0.65788341 0.58804708 0.43284963]
  [0.80057791 0.85295672 0.99773371]]

 [[0.98642238 0.94947257 0.68490876]
  [0.65336456 0.02073497 0.94095144]
  [0.62286968 0.10159933 0.24928576]]

 [[0.55364441 0.91843184 0.27218257]
  [0.3701127  0.24305363 0.56438368]
  [0.38839336 0.84268638 0.56283452]]][[[0.75156511 0.96862824 0.55523758]
  [0.64266898 0.30198172 0.06944005]
  [0.49192979 0.92481014 0.46512499]]

 [[0.59652529 0.02980797 0.28698222]
  [0.08237568 0.69278299 0.47043803]
  [0.7924979  0.3492275  0.32105674]]

 [[0.56400197 0.23658466 0.20293145]
  [0.36136693 0.48840544 0.39259827]
  [0.17206336 0.12103435 0.49396776]]][[[0.436087   0.57613404 0.40821846]
  [0.35822749 0.30696887 0.50464717]
  [0.59779626 0.20640175 0.23714998]]

 [[0.57297059 0.02455617 0.25718072]
  [0.79237128 0.04541044 0.1046402 ]
  [0.9087572  0.92536899 0.6758414 ]]

 [[0.81768349 0.03384338 0.97818672]
  [0.25246266 0.52843692 0.59830786]
  [0.18920045 0.85241864 0.08639952]]][[[0.24167776 0.7547448  0.4508452 ]
  [0.8715546  0.26261249 0.4214888 ]
  [0.11635837 0.31850438 0.21081413]]

 [[0.64076347 0.13653424 0.41015876]
  [0.47791101 0.94145628 0.73077073]
  [0.74883337 0.38685666 0.59792855]]

 [[0.18317378 0.21342244 0.16958561]
  [0.83766376 0.44345927 0.83344421]
  [0.36757252 0.73164014 0.95649763]]][[[0.34066368 0.78339318 0.45864834]
  [0.34973094 0.17410389 0.16951815]
  [0.00261048 0.99968405 0.94780333]]

 [[0.78035082 0.99808018 0.97709759]
  [0.05342976 0.41828666 0.40037342]
  [0.77228271 0.99636618 0.25663142]]

 [[0.14062074 0.78394414 0.88885256]
  [0.99268022 0.21057574 0.07315955]
  [0.78356065 0.63903449 0.37745203]]][[[0.23068114 0.10421296 0.25099273]
  [0.03937178 0.93442427 0.74441049]
  [0.80526654 0.966356   0.89950218]]

 [[0.37620648 0.20487393 0.89459457]
  [0.02596929 0.69135991 0.15723542]
  [0.10935128 0.38179784 0.08102258]]

 [[0.65790315 0.80491361 0.41333576]
  [0.89275152 0.64845686 0.5971983 ]
  [0.19346341 0.08491755 0.82568615]]][[[0.75662286 0.48678436 0.34101364]
  [0.03183875 0.57595782 0.64798574]
  [0.0269244  0.03239844 0.86449957]]

 [[0.59781588 0.20100145 0.67584662]
  [0.11365851 0.7312489  0.54602118]
  [0.5394794  0.8568121  0.69563234]]

 [[0.96637401 0.03336408 0.23791941]
  [0.87794576 0.97491749 0.02518984]
  [0.90661135 0.56366767 0.26108211]]][[[0.19557726 0.20660557 0.98637812]
  [0.59942952 0.13533052 0.2377815 ]
  [0.57116359 0.45261079 0.54810034]]

 [[0.4047608  0.25876224 0.25028682]
  [0.91521756 0.7457642  0.0820776 ]
  [0.24121627 0.26574914 0.06535037]]

 [[0.56839083 0.17769567 0.13912058]
  [0.41473486 0.80940795 0.18222671]
  [0.80542119 0.90291025 0.53623614]]]