[[0.54508358 0.61333545 0.66236783 0.29921183 0.95894748 0.10652404
  0.59784777 0.92380042 0.38899511 0.06190695 0.29096813 0.67243465
  0.11737785 0.55936435 0.35031558 0.38255302 0.83189663 0.52575054
  0.96456524 0.72187818 0.81038353 0.24897496 0.44209043 0.53064063]
 [0.81380913 0.09369916 0.76389687 0.21582355 0.13072285 0.54152848
  0.70305873 0.37827922 0.83008789 0.02948794 0.38918909 0.40459926
  0.50562742 0.30141677 0.87991938 0.61708847 0.94435396 0.90292087
  0.97938115 0.40570926 0.40176149 0.7524333  0.64825293 0.22322893]
 [0.82206317 0.82287931 0.36697954 0.7993708  0.75039783 0.59263151
  0.50254859 0.12306612 0.01155621 0.21748736 0.55575676 0.08754597
  0.91265306 0.25071095 0.07082745 0.95652965 0.43718541 0.39988662
  0.99416746 0.52128115 0.39607017 0.70128972 0.92288294 0.89282983]
 [0.43197468 0.44984746 0.89374877 0.42205429 0.16757309 0.12688634
  0.65406445 0.27686007 0.55092065 0.29085052 0.55985559 0.67249993
  0.30547434 0.39179199 0.12608546 0.18461263 0.67109523 0.27099277
  0.57005177 0.96169424 0.0232075  0.04864084 0.66957833 0.47621593]
 [0.22830671 0.61831369 0.65718867 0.52082571 0.56635365 0.44054884
  0.60592038 0.5507068  0.93329318 0.34123936 0.72432787 0.22939977
  0.96317051 0.4280015  0.00233397 0.23116844 0.82154927 0.42110708
  0.72860195 0.51420586 0.74765469 0.7123326  0.80193686 0.90014946]
 [0.28857414 0.51836173 0.8234143  0.58559439 0.65827228 0.81739165
  0.43348659 0.99296642 0.88157232 0.15952105 0.05606278 0.01331355
  0.24911198 0.03902234 0.6273251  0.55312021 0.78523196 0.69884351
  0.93131053 0.55253377 0.91029923 0.93092676 0.48058444 0.95572071]
 [0.36513997 0.22531688 0.8096784  0.4262552  0.56473386 0.74595292
  0.61027044 0.8011495  0.78775143 0.02102924 0.57810954 0.6468485
  0.46826266 0.84104533 0.56982998 0.24841894 0.59137017 0.39095415
  0.75526633 0.05728729 0.04661401 0.58429953 0.1310857  0.69589564]
 [0.42477322 0.41963272 0.89737774 0.39126789 0.07495503 0.92610085
  0.60599758 0.47558562 0.43221417 0.65040003 0.40479998 0.03557797
  0.7963802  0.39774774 0.59601199 0.7105476  0.67910412 0.92827509
  0.06033745 0.94807144 0.18307681 0.79860089 0.27476624 0.24950479]
 [0.34383213 0.29437614 0.5647147  0.88380266 0.89396702 0.06472
  0.97730453 0.92768149 0.37656841 0.54072436 0.03813483 0.95368866
  0.06704343 0.01908862 0.37595787 0.75595823 0.35457702 0.07764655
  0.19314892 0.55652941 0.38288567 0.60392327 0.39892432 0.65982193]
 [0.30447605 0.12810544 0.42187273 0.17720433 0.45221726 0.95578575
  0.58334684 0.22159006 0.47219852 0.50301416 0.03373452 0.17077595
  0.06870626 0.53066541 0.17035731 0.91297274 0.24215739 0.6387069
  0.90498949 0.50406745 0.59577922 0.2588041  0.57667172 0.51466036]
 [0.42287692 0.90559476 0.38926742 0.0195644  0.7354697  0.563734
  0.57839073 0.77799735 0.80228663 0.91311067 0.99109243 0.41369396
  0.27239762 0.70825554 0.0140027  0.43979823 0.33676067 0.75486566
  0.80051939 0.79253063 0.92068118 0.5064532  0.51423567 0.22702857]
 [0.473555   0.38085248 0.55891674 0.13319196 0.13980711 0.01679816
  0.76072217 0.84641603 0.21511555 0.54123983 0.88678827 0.49480965
  0.49965792 0.25042596 0.6578291  0.03133503 0.83911142 0.7822903
  0.90428975 0.87852206 0.78798461 0.93653687 0.16739205 0.75169466]
 [0.78361661 0.12528439 0.8114496  0.80357952 0.12241812 0.48687487
  0.0994004  0.54728507 0.89174645 0.46054898 0.83981291 0.81636323
  0.22176329 0.17147073 0.9951934  0.47439152 0.09686875 0.00518366
  0.3068482  0.61660533 0.79786873 0.41885285 0.6662892  0.10111342]
 [0.79410448 0.27374035 0.51626934 0.80887613 0.94501514 0.0339201
  0.95897684 0.35414236 0.58336645 0.222618   0.15961688 0.2369353
  0.74307861 0.50168317 0.84141689 0.71252312 0.49662104 0.33127872
  0.19334984 0.98084747 0.40379901 0.80958358 0.54971187 0.95777066]
 [0.13124645 0.60407627 0.06423923 0.74540082 0.59398358 0.15733996
  0.93267589 0.37867101 0.01028169 0.29093634 0.70075411 0.81011136
  0.31036542 0.43579126 0.08801433 0.42576659 0.25158913 0.06176456
  0.3668873  0.38065672 0.23872364 0.05829028 0.55374992 0.77962629]
 [0.78852184 0.44767911 0.85574638 0.90905998 0.49958913 0.72200909
  0.52436063 0.50881016 0.0827188  0.3760429  0.33804044 0.6586646
  0.59690899 0.66311615 0.25256743 0.61944534 0.9886015  0.64815679
  0.42586753 0.47307906 0.71744813 0.26711991 0.43933618 0.00180274]
 [0.58473003 0.39126244 0.12023634 0.22595713 0.15005768 0.81913405
  0.96564048 0.73124687 0.76110836 0.03957812 0.07782851 0.82203504
  0.96638639 0.98434047 0.78954453 0.26693896 0.12086193 0.44611604
  0.61489353 0.75151559 0.92369186 0.24047211 0.46212122 0.72211376]
 [0.5427282  0.55588376 0.83735939 0.9740936  0.38945716 0.39350109
  0.44642243 0.39063591 0.33804312 0.1046603  0.11419538 0.70995329
  0.86529502 0.75381719 0.33741891 0.92530269 0.32148755 0.71675253
  0.08950294 0.59657532 0.39263141 0.67008844 0.3725768  0.89390242]
 [0.81866016 0.03188275 0.60513376 0.54120364 0.54869631 0.67180782
  0.6916925  0.25562493 0.21687451 0.74586666 0.65213662 0.43396271
  0.17216164 0.42330619 0.18248198 0.26209    0.9729572  0.17478374
  0.38259402 0.49447531 0.19543689 0.54050709 0.79774268 0.03365098]
 [0.23235525 0.99649931 0.16242138 0.19104412 0.34824484 0.2309088
  0.75996028 0.67268627 0.36031218 0.24178521 0.40017095 0.73735498
  0.73221871 0.16629287 0.14491832 0.12121749 0.42366396 0.19553331
  0.10639179 0.91160247 0.71504067 0.85114107 0.45115011 0.85385775]
 [0.21077466 0.52844439 0.51968626 0.31017342 0.16780493 0.31959672
  0.70558857 0.60017952 0.02275025 0.90281354 0.60288366 0.4399858
  0.34502    0.80753708 0.78552076 0.73073212 0.61822483 0.37880563
  0.39653384 0.53158312 0.47085477 0.68810284 0.90109796 0.60786772]
 [0.25552849 0.95033115 0.73917544 0.17230021 0.96819688 0.66152943
  0.0452645  0.42056021 0.79599766 0.42623986 0.33450002 0.68326949
  0.64445451 0.60047326 0.11524226 0.4219041  0.42356021 0.4136912
  0.56730958 0.52362228 0.13738072 0.76040588 0.52366849 0.10449891]
 [0.41694608 0.18364694 0.36360626 0.55190552 0.13588955 0.89710251
  0.17530956 0.35395888 0.69125397 0.87129868 0.17038479 0.63941006
  0.99817586 0.20762612 0.96360138 0.01883872 0.2831863  0.05665826
  0.26488321 0.16881033 0.9190046  0.35905756 0.86919965 0.14174186]
 [0.79468128 0.27392093 0.56632134 0.73730063 0.46642579 0.98278841
  0.31751959 0.51330711 0.23079117 0.62326251 0.35749087 0.2774763
  0.03012592 0.61574631 0.38874667 0.23412856 0.13987242 0.25048493
  0.64927712 0.05372896 0.46286908 0.13849707 0.28495157 0.56541594]][[0.47570073 0.51684297 0.41578165 0.19677864 0.42538814 0.28449831
  0.56025669 0.45571358 0.91094688 0.3240473  0.7429797  0.51761652
  0.84119072 0.67815611 0.05820767 0.93659407 0.61277913 0.651257
  0.230776   0.4883664  0.52299525 0.53464344 0.13947443 0.86529691]
 [0.41593069 0.41383325 0.72827358 0.95419873 0.04176565 0.54238108
  0.44308028 0.13548453 0.03450408 0.87655974 0.48147981 0.86393788
  0.91725617 0.37772345 0.47462327 0.49993148 0.29790666 0.13796698
  0.26622568 0.6878813  0.43242441 0.46098377 0.85144097 0.43541509]
 [0.55156812 0.7246964  0.10762141 0.89201359 0.0942555  0.35549849
  0.45783968 0.11929516 0.52825761 0.615101   0.51158561 0.71536974
  0.48488848 0.79123993 0.51880734 0.39736101 0.75466477 0.95447415
  0.44668922 0.94258143 0.73728305 0.4017035  0.80387708 0.20841848]
 [0.2403207  0.84746315 0.29621609 0.1267475  0.63814916 0.65417011
  0.57028348 0.72588676 0.20545392 0.63238884 0.96290567 0.20582554
  0.1257786  0.92277227 0.6030767  0.57512721 0.03812814 0.18440296
  0.84346732 0.90643419 0.5079088  0.4494423  0.16668758 0.14613342]
 [0.00994136 0.9958539  0.90990971 0.53994694 0.22781153 0.6671807
  0.47448347 0.42865353 0.04214887 0.06603527 0.00442509 0.21876183
  0.26089479 0.24803283 0.41948015 0.47549123 0.85608303 0.97661203
  0.38625147 0.4766238  0.90756897 0.25351741 0.91795851 0.10764279]
 [0.8796581  0.64472005 0.89174772 0.93082066 0.90120917 0.61287292
  0.4267303  0.79927779 0.57612143 0.20107247 0.52384219 0.24761819
  0.44169685 0.03730929 0.98470699 0.4756278  0.18620904 0.12010564
  0.16499473 0.20702879 0.34169444 0.93891923 0.41408125 0.23893599]
 [0.8214348  0.4171857  0.52102922 0.83814754 0.8743426  0.91303502
  0.32443814 0.67768173 0.30452265 0.12634435 0.17042762 0.03971482
  0.3997367  0.39902613 0.41224612 0.11595417 0.09223915 0.33736161
  0.19430114 0.93744696 0.54073947 0.44944976 0.34708944 0.20436857]
 [0.42771439 0.10454702 0.97922771 0.86025192 0.87263074 0.90160151
  0.38959029 0.81027563 0.13426209 0.7739926  0.70495938 0.94628874
  0.53381801 0.66467865 0.23929374 0.88247981 0.99133381 0.13187409
  0.42766824 0.72050587 0.5960799  0.85912881 0.96489567 0.21889313]
 [0.3339728  0.99267252 0.31860094 0.60679269 0.01081113 0.67284343
  0.18408013 0.08006376 0.4845222  0.44080898 0.44315079 0.188382
  0.00869798 0.50382826 0.65359758 0.09297411 0.50773065 0.66740932
  0.7646908  0.59281778 0.98741152 0.26278622 0.95191217 0.21780003]
 [0.31366613 0.66361826 0.93044109 0.89412068 0.01174408 0.51499386
  0.13595647 0.16733101 0.93052755 0.99464921 0.56013308 0.49673663
  0.00145769 0.77885086 0.12176568 0.56088138 0.08047806 0.74670391
  0.03173939 0.33191128 0.5091056  0.80654722 0.23210189 0.1531855 ]
 [0.64865092 0.1802969  0.61616171 0.54944345 0.73209863 0.93788108
  0.24599062 0.09823321 0.95857045 0.71898515 0.57579318 0.00637502
  0.90653083 0.68181402 0.02702936 0.0346146  0.65011022 0.64040134
  0.88626974 0.30967193 0.75835046 0.02367298 0.49799631 0.72738742]
 [0.44602258 0.721625   0.60360582 0.98826741 0.72692089 0.13730626
  0.199453   0.39383844 0.66534118 0.30707951 0.48063885 0.40800963
  0.66700051 0.79195964 0.81690051 0.06643636 0.80076983 0.76877595
  0.09717945 0.65888617 0.51293864 0.17892613 0.0442423  0.75020523]
 [0.72196918 0.76236049 0.56298473 0.73136258 0.25480931 0.00126964
  0.8321299  0.86571873 0.75802035 0.5879894  0.93295935 0.49076497
  0.08583277 0.47982609 0.22298715 0.32998484 0.23163889 0.4637085
  0.13526999 0.09238581 0.9115275  0.57189285 0.20475788 0.39163496]
 [0.17979574 0.06484719 0.10190296 0.8127395  0.77946911 0.78211244
  0.46512304 0.48148846 0.46262822 0.68689153 0.15324523 0.9819992
  0.72339931 0.11261626 0.16870435 0.30991028 0.61784393 0.39937717
  0.51357182 0.28565747 0.19041825 0.20783013 0.7197939  0.92359473]
 [0.33522255 0.27526104 0.34945418 0.06395797 0.48529711 0.08496667
  0.0957139  0.02290888 0.09621695 0.13247764 0.91605513 0.14657053
  0.23304146 0.97568461 0.60584199 0.369295   0.33836722 0.85144345
  0.02397741 0.39740549 0.39619636 0.02203767 0.34225968 0.38653584]
 [0.73311412 0.80173941 0.77580883 0.8307363  0.8174277  0.89395186
  0.07165192 0.44467087 0.10396489 0.88793422 0.7966384  0.0987149
  0.80578023 0.05319747 0.60731775 0.80424937 0.67217724 0.81065464
  0.95502446 0.42403785 0.2693967  0.08767323 0.68305144 0.84908847]
 [0.66400323 0.8483034  0.17866978 0.9732645  0.51227466 0.55159571
  0.4228954  0.0973684  0.30848462 0.68554718 0.63453345 0.05615083
  0.07911336 0.90525359 0.68796518 0.29709659 0.10786074 0.50134424
  0.82102206 0.03998115 0.46348362 0.07466445 0.55668415 0.99422389]
 [0.15482787 0.09970162 0.68316559 0.94402471 0.25610674 0.9419373
  0.01779103 0.48472691 0.12485726 0.29379867 0.02057938 0.24429203
  0.04021193 0.4354035  0.39899124 0.20259678 0.68172148 0.37541229
  0.39570448 0.1608892  0.78585956 0.89408766 0.43980798 0.67453817]
 [0.84654239 0.87215904 0.2432552  0.03041637 0.80546416 0.69773989
  0.31115705 0.37214665 0.06466723 0.41650797 0.35232204 0.8000122
  0.63399596 0.94981851 0.36466501 0.89562538 0.06953348 0.19503675
  0.15152643 0.34305813 0.59083541 0.18640815 0.10975601 0.58493286]
 [0.41307433 0.67681695 0.15738429 0.02006755 0.6958038  0.66890887
  0.76476865 0.05736384 0.58156913 0.28293539 0.4541962  0.29331398
  0.4875053  0.7294161  0.37478401 0.44133616 0.68303881 0.56837705
  0.14739622 0.92110153 0.17672987 0.62764657 0.61917978 0.88142848]
 [0.44118774 0.04813321 0.07472756 0.98073285 0.15109405 0.69515225
  0.96477726 0.48745337 0.0446606  0.00963144 0.87824645 0.33535747
  0.52868676 0.22212009 0.81607202 0.6376572  0.80377001 0.75532965
  0.96006405 0.88892117 0.73323865 0.52284947 0.87842164 0.17766709]
 [0.89739515 0.74483008 0.4787521  0.60095951 0.34397227 0.98684722
  0.22345964 0.21353538 0.21538477 0.9308888  0.75269918 0.40557682
  0.34495822 0.44748229 0.38241193 0.25879216 0.46827671 0.72447459
  0.7844181  0.37543979 0.24458424 0.78773666 0.96862252 0.83403843]
 [0.55297907 0.39563948 0.7636282  0.75405216 0.84059142 0.55332791
  0.72537542 0.95566479 0.76392293 0.04535236 0.695152   0.40357608
  0.00425612 0.43964265 0.73543804 0.94399167 0.30150153 0.71261866
  0.76219712 0.94819273 0.68262044 0.52514245 0.48015901 0.21359008]
 [0.49273404 0.24092217 0.13213584 0.81404799 0.0771636  0.49730795
  0.0104277  0.05579204 0.02698707 0.94819272 0.81922267 0.23465528
  0.37371698 0.95962957 0.41927616 0.68230076 0.83246859 0.06922512
  0.72574053 0.59457873 0.64084815 0.36671345 0.25002183 0.57826801]][[4.39030013e-01 5.89526694e-01 9.54564391e-01 5.17771848e-01
  7.79721514e-01 3.92074579e-01 7.52337034e-01 6.34265883e-01
  8.12628527e-01 6.34342002e-01 2.78519531e-01 8.75082056e-02
  7.67454900e-01 4.13848279e-02 9.96995409e-01 9.93488831e-01
  3.51620762e-02 6.45404359e-01 6.42323884e-01 6.36045812e-01
  3.91788716e-01 8.78419337e-01 7.09981850e-01 1.24768618e-02]
 [8.78498157e-01 1.87630580e-01 8.36107618e-01 5.85428963e-01
  3.97607875e-01 6.90293504e-01 9.11202662e-01 1.93548374e-01
  7.69927300e-01 1.24976371e-01 9.60161370e-02 6.66490434e-02
  2.80197075e-01 8.35236417e-01 2.99386522e-02 3.72224427e-02
  5.34505506e-01 1.67442438e-02 8.26482485e-01 4.34123883e-01
  2.44981339e-03 1.30707194e-01 6.79055922e-01 8.91392437e-01]
 [4.20161657e-01 4.33565755e-01 3.67084840e-01 6.44819711e-01
  7.49034700e-01 8.53414729e-01 3.72747319e-02 7.11693736e-02
  6.35993622e-01 3.83912226e-01 6.98119513e-02 6.48069988e-01
  4.90179676e-01 5.43946754e-01 6.91772136e-01 1.88765011e-01
  1.79257311e-01 2.14205200e-01 5.64912710e-01 6.73333523e-01
  7.02605204e-03 7.89621597e-01 5.31087726e-01 6.04396163e-01]
 [4.00148511e-01 6.03163646e-01 5.38373478e-01 7.25141009e-01
  1.49407369e-01 3.12479703e-02 4.63799819e-01 8.18757615e-01
  6.80185919e-01 5.27388189e-01 1.92183812e-01 2.41713024e-01
  3.21399532e-01 1.86493861e-01 4.55242813e-02 5.79147860e-01
  7.91357921e-01 4.26275737e-01 6.66871953e-01 7.59254179e-01
  6.23412805e-02 4.87206807e-01 6.46308614e-02 9.12935502e-01]
 [5.05267491e-01 9.82843075e-01 7.90602220e-01 7.31773958e-01
  8.40453435e-01 3.21113927e-01 4.05614032e-02 1.14161750e-01
  7.01321869e-01 3.30160595e-01 7.13397620e-01 1.42865035e-01
  5.08683291e-01 8.93314371e-01 5.42680610e-01 2.11063346e-01
  2.19809775e-01 9.80170288e-01 3.92626147e-01 3.56600255e-01
  2.84967817e-01 5.61796290e-01 6.01239045e-02 7.21110493e-01]
 [8.40503726e-01 6.24374413e-01 9.72637047e-01 9.18583107e-01
  1.90714494e-01 7.08900237e-01 3.65978798e-01 1.08468482e-01
  5.42616855e-01 7.26908422e-01 1.56186357e-02 4.46532018e-01
  6.59839344e-01 8.11771245e-01 5.62648558e-01 1.77664812e-01
  6.18564200e-01 2.00943410e-01 3.66210186e-01 3.91474618e-01
  2.90322348e-01 7.96857042e-01 9.47501954e-01 9.17087345e-01]
 [2.35000726e-01 2.04672891e-02 7.88751763e-01 1.27503153e-01
  5.32680999e-01 2.97586277e-01 4.49747160e-01 7.43985654e-01
  4.09824087e-01 5.34708992e-02 5.32226792e-01 4.81625058e-01
  9.03459932e-01 1.93949855e-01 9.14608329e-01 8.82208647e-01
  4.82688882e-01 4.46301330e-02 8.56482710e-01 2.93662615e-01
  5.86263214e-01 4.09531467e-01 9.04694704e-01 3.71344694e-01]
 [3.00414001e-01 9.60245731e-01 2.62544702e-01 3.01484143e-02
  9.87093475e-01 5.18575509e-01 7.91097923e-01 1.69414351e-01
  8.59700385e-01 8.73146580e-01 8.50336357e-01 1.34146002e-01
  2.96160969e-01 2.37716094e-01 9.13638631e-01 1.71900892e-02
  1.41488553e-01 5.08146770e-01 6.65703359e-01 9.40260817e-01
  9.38867441e-01 9.33866775e-01 6.02509607e-01 8.54381705e-02]
 [7.39767292e-01 3.99666341e-01 5.05478065e-01 6.44366824e-01
  8.01896616e-01 2.12698169e-01 7.32404775e-01 3.40089350e-01
  9.50674662e-01 2.61291159e-01 8.02568109e-01 3.46459721e-01
  4.54618692e-01 1.07381099e-01 5.49722692e-01 1.73711188e-01
  4.57321346e-01 7.61698475e-02 6.17006613e-01 7.37590874e-01
  3.58795008e-01 7.49083478e-01 6.74464322e-01 9.87177252e-01]
 [1.92963616e-01 5.54805545e-01 8.14382097e-01 3.89968652e-01
  9.71509891e-01 8.51965462e-01 7.93361742e-01 8.17372790e-01
  9.81136634e-01 1.86736247e-01 2.08628190e-02 1.37741579e-01
  1.27927721e-01 3.33196894e-01 8.78809555e-01 3.70440670e-01
  8.56902940e-01 3.13182498e-01 6.71255590e-01 8.82348963e-01
  9.64988953e-01 5.90106378e-01 1.58393655e-01 6.96130803e-01]
 [6.70108749e-01 8.66107626e-01 5.92783952e-01 2.27243129e-01
  3.70514201e-01 6.18777617e-01 6.94202074e-01 4.04288147e-01
  2.22236948e-01 1.35134404e-01 1.76724718e-01 2.16387667e-01
  3.84280410e-01 9.38304301e-01 2.21772627e-01 5.94488723e-01
  3.66016382e-02 4.53911426e-01 8.86439557e-01 7.16052775e-01
  5.85119544e-01 8.12051507e-01 6.57359309e-01 2.47730250e-01]
 [4.93047126e-01 3.27088759e-01 1.47973138e-03 9.05994231e-01
  7.13562749e-01 1.51068079e-01 3.84938916e-02 6.11555369e-01
  7.50094485e-01 7.88032351e-01 1.46564078e-01 9.42332473e-01
  9.42026424e-01 9.12546486e-01 4.19494094e-04 6.31232064e-01
  5.83368119e-01 8.89956039e-01 9.85077504e-01 2.42076747e-02
  4.94581435e-01 9.56285384e-01 4.80769303e-02 8.31473151e-01]
 [5.43918041e-01 7.54335211e-01 5.10545074e-01 9.79275215e-01
  3.42872649e-01 2.49377050e-01 7.21072671e-01 6.24133881e-01
  5.60842339e-02 1.81269564e-01 9.18777504e-01 4.87741862e-01
  2.12022231e-01 3.47437724e-01 1.41189823e-02 9.26591651e-01
  4.78493862e-01 3.44121974e-01 6.86217013e-01 5.79981657e-01
  8.03561168e-01 4.54601832e-01 8.53471382e-01 5.99330756e-01]
 [1.05561430e-01 9.42370305e-01 1.00200239e-01 4.75652222e-01
  1.84372895e-01 2.84313174e-01 1.56629786e-01 5.19803433e-01
  2.28933754e-01 5.03742427e-01 1.40932049e-01 3.23321065e-01
  1.04409826e-01 7.57811161e-01 6.20502279e-01 9.43926759e-01
  2.27294077e-01 4.46723974e-01 9.29869248e-01 1.53740553e-02
  5.92084119e-01 7.52631531e-01 3.51624948e-01 8.26348412e-02]
 [1.89832826e-01 7.20419987e-01 7.59158011e-01 1.53293514e-01
  9.70167910e-03 3.17953143e-01 7.69785704e-01 3.06076130e-01
  9.23637043e-01 2.53533715e-01 9.21047761e-01 1.71645688e-01
  9.81590230e-01 1.34135230e-01 4.01688645e-01 5.48124347e-01
  7.91805423e-01 2.90170414e-01 3.35810500e-01 2.98704936e-01
  9.27953453e-02 1.11287938e-01 6.57932672e-01 9.95471045e-01]
 [8.84026387e-01 2.24443044e-01 3.39047957e-01 9.80402345e-01
  3.88023325e-01 6.11042220e-01 1.95820821e-01 9.54868650e-01
  2.49747775e-01 4.96583308e-01 9.71652782e-01 6.28433283e-01
  5.13114270e-01 8.66053611e-01 9.73444506e-01 1.13539308e-01
  3.08868398e-01 6.44085095e-01 7.10975449e-01 5.91805224e-01
  9.80635627e-01 3.39417069e-02 7.04593887e-01 7.01303971e-01]
 [2.30859165e-01 4.70943703e-01 3.22555066e-01 3.20727428e-01
  8.63954294e-01 8.31052726e-01 4.15098811e-01 3.47721338e-01
  2.28120132e-01 1.37741441e-01 1.96115229e-01 7.64292872e-01
  2.63715136e-01 3.41147540e-01 3.51155792e-01 8.76009669e-01
  1.20562999e-01 8.36813008e-01 1.73022519e-01 9.97113703e-01
  2.13767740e-01 6.68956018e-01 2.58307829e-01 9.78630692e-01]
 [9.73990924e-01 5.71100831e-01 4.16318471e-01 5.11033390e-01
  5.32600339e-01 2.55672468e-01 8.23285911e-01 1.35055137e-01
  5.24217247e-01 4.25108625e-01 6.11572319e-02 2.54767996e-01
  4.61770549e-01 5.54955317e-01 4.34193853e-01 3.27736426e-01
  9.48670185e-01 2.41128325e-03 7.91425396e-01 9.82913052e-01
  9.27667659e-01 4.06248578e-01 3.59808873e-01 4.72854048e-01]
 [7.36685692e-01 4.17068948e-01 5.84877877e-01 5.82900070e-01
  6.37004549e-01 1.42481758e-01 7.92260519e-01 7.04196556e-01
  9.24315029e-01 6.31012226e-01 5.61391180e-01 4.78315769e-01
  1.31365580e-01 6.08722952e-01 2.88689171e-01 9.71072158e-01
  5.30279555e-01 3.44650628e-01 9.90784733e-01 7.88859340e-01
  5.13160789e-01 3.94389128e-01 5.12000815e-01 8.63259453e-01]
 [9.99871573e-01 1.75588787e-01 8.63774239e-03 2.36226079e-01
  2.49562461e-01 2.30851490e-02 3.68484240e-02 9.08491538e-01
  8.39606764e-01 9.09259511e-01 3.91250090e-01 4.25872974e-01
  7.17275087e-01 9.13306575e-01 7.35160414e-01 3.07312864e-01
  9.17368138e-01 2.59287657e-01 7.23446773e-01 7.74081228e-02
  2.10458349e-02 3.36693212e-01 2.28131381e-01 8.53961266e-03]
 [8.30410641e-01 6.23455192e-01 4.95877343e-01 3.16486364e-01
  4.34333919e-01 2.39614871e-01 5.13715894e-01 1.26633268e-01
  4.66422058e-01 3.00894056e-01 4.45637443e-01 1.72588237e-01
  1.13049926e-01 1.28963847e-01 2.98884926e-01 4.95084418e-01
  1.27274065e-01 9.69768546e-01 4.92876567e-01 2.89370710e-01
  9.42286952e-01 8.81568303e-01 8.97941333e-01 8.20677973e-01]
 [1.68154056e-01 2.23429393e-01 3.27405373e-01 9.86200083e-01
  8.80024435e-01 2.48157582e-01 8.46855913e-01 5.40851196e-01
  4.43079484e-01 5.39926563e-01 6.34613997e-01 1.02154313e-01
  6.45173053e-01 3.90400392e-01 2.58393575e-02 6.99165551e-01
  2.19633161e-01 4.91271604e-01 1.08392105e-01 9.75737212e-01
  7.17998784e-01 1.09837083e-01 6.61134119e-01 5.06661256e-01]
 [9.42052570e-01 6.86545001e-01 6.89392913e-01 6.64557936e-01
  7.80395063e-02 6.77647958e-01 2.44136136e-01 9.26743243e-01
  6.29011514e-01 9.10242676e-01 6.24130572e-01 3.33942573e-02
  7.19090154e-01 2.37813981e-01 8.50972574e-01 5.88447704e-02
  2.31079008e-01 8.33358420e-01 2.35194491e-01 8.11682398e-01
  7.65007420e-01 7.20560121e-01 5.24249700e-01 3.16748359e-01]
 [3.49930868e-02 7.31365009e-02 8.06087088e-01 4.25527422e-01
  3.57376675e-01 3.94202062e-01 7.99493889e-01 7.96155532e-01
  7.28264857e-01 1.28845037e-01 2.34465979e-01 9.77387844e-02
  4.08597450e-01 5.56023528e-01 3.29008388e-01 9.26544295e-01
  9.73641142e-01 6.34033462e-01 7.67018401e-01 4.82125521e-01
  7.19626737e-01 5.43723618e-01 9.02969291e-01 6.91874086e-01]]