[[0.16483652 0.74748387 0.94289963 0.23705787 0.27160643 0.82114953
  0.16125061 0.65022807 0.12165535 0.29569088 0.19943631 0.32126341
  0.46359923 0.59930537 0.25573178 0.49518028 0.47522852 0.26476496
  0.32821284 0.47089824 0.61187315 0.37079443 0.38547667 0.30295517]
 [0.72603011 0.22158636 0.17982271 0.86503301 0.86085572 0.00721987
  0.74157891 0.09359139 0.58824573 0.156123   0.44593567 0.40891535
  0.64917792 0.20348633 0.10030863 0.78370068 0.00982407 0.83078111
  0.77157705 0.76083738 0.43990255 0.02968991 0.57855993 0.42199051]
 [0.18335042 0.57773365 0.10531777 0.46667034 0.90509783 0.78501527
  0.54074897 0.43845117 0.83091543 0.9982403  0.25188418 0.07156697
  0.7495956  0.97706751 0.30295716 0.55263234 0.79323094 0.98556735
  0.15276593 0.97948335 0.70858578 0.48206445 0.88619801 0.40062071]
 [0.98981272 0.21338607 0.87969204 0.19705327 0.57464375 0.09701769
  0.54452046 0.79054045 0.81122956 0.40598149 0.56454112 0.91760894
  0.44211115 0.99675843 0.01538211 0.89874298 0.36871661 0.30185375
  0.73221754 0.13442176 0.24989991 0.88332728 0.25423264 0.56829115]
 [0.50739282 0.76021523 0.03055715 0.38714365 0.1114572  0.64981337
  0.89500085 0.71218046 0.7442645  0.86753364 0.54950049 0.95256333
  0.16843959 0.30782792 0.80735908 0.79772163 0.55194318 0.17491157
  0.75829593 0.70080599 0.65128723 0.31788504 0.38772805 0.93872346]
 [0.17723886 0.91777547 0.45894355 0.87231386 0.69821468 0.82537108
  0.53790297 0.5363858  0.55109969 0.01031594 0.11325207 0.79875019
  0.9311327  0.0699562  0.89380683 0.38804168 0.105608   0.75246917
  0.01224935 0.54668814 0.40549104 0.33979217 0.15183661 0.59662284]
 [0.27927155 0.21444337 0.68650857 0.86586054 0.00788716 0.36871069
  0.11328964 0.62088136 0.3706939  0.53238641 0.36483461 0.48176218
  0.44397705 0.38334161 0.70626609 0.33926365 0.69199223 0.85247621
  0.60700996 0.20882277 0.58212308 0.44569403 0.20997056 0.96662427]
 [0.50320703 0.05372267 0.59177371 0.40931342 0.31857115 0.69113402
  0.53206594 0.70209644 0.55388558 0.63684209 0.72258882 0.32029001
  0.63122859 0.66433647 0.56736344 0.54102738 0.28224899 0.89461748
  0.88580063 0.1553301  0.15739941 0.35799928 0.84810589 0.77582405]
 [0.47501092 0.35116873 0.81195963 0.26964469 0.31976441 0.27766873
  0.33211986 0.70382708 0.19384964 0.54892456 0.82665119 0.09740429
  0.47753807 0.26303221 0.65540819 0.61160562 0.60184105 0.39495379
  0.17227143 0.70472398 0.9571837  0.21614369 0.81274087 0.3376078 ]
 [0.35790141 0.33338766 0.87006986 0.04604915 0.67386622 0.5722209
  0.34893074 0.28557443 0.57015047 0.31453453 0.50754955 0.21985471
  0.61745214 0.63542717 0.8524597  0.06562347 0.17872403 0.35225579
  0.82247791 0.3605353  0.38321075 0.1400034  0.42409568 0.32943394]
 [0.06985894 0.18977058 0.35924545 0.87978749 0.46600024 0.16523672
  0.15117411 0.36502936 0.82144473 0.15627512 0.15137522 0.98491166
  0.55715947 0.56022057 0.7344334  0.55870385 0.63774515 0.23580957
  0.09977351 0.45832784 0.85445974 0.78321062 0.17457287 0.1094655 ]
 [0.61198128 0.15129461 0.95568414 0.46276179 0.89893751 0.2060134
  0.57768497 0.28357288 0.15480899 0.59095518 0.02608658 0.23786663
  0.99526756 0.08336014 0.82509128 0.28079707 0.7456944  0.69515505
  0.64765969 0.29324185 0.38828801 0.26865988 0.29759537 0.61840836]
 [0.33343675 0.38499176 0.07941343 0.49111665 0.16212297 0.74656965
  0.18949415 0.1621458  0.10208796 0.41857145 0.27914465 0.43985868
  0.07951051 0.43575595 0.51688193 0.97529943 0.50306547 0.52595199
  0.1890091  0.5493632  0.14804925 0.77272136 0.81689883 0.40547502]
 [0.3823671  0.77443812 0.33747446 0.9600855  0.24211769 0.87067569
  0.90280482 0.64286166 0.96256873 0.90111284 0.73014654 0.33054219
  0.293115   0.00244172 0.97276272 0.48841691 0.60370658 0.8737226
  0.97032984 0.10245302 0.19133796 0.86446759 0.92623917 0.88614965]
 [0.92537446 0.8455097  0.18720976 0.72693846 0.23883009 0.18205562
  0.74563378 0.35289124 0.54254926 0.01317568 0.1988285  0.93272872
  0.31692022 0.00887093 0.72360113 0.28094843 0.91547714 0.22400762
  0.09225244 0.90988342 0.69993348 0.66783643 0.94997486 0.88179257]
 [0.30079606 0.3579099  0.52936453 0.30722756 0.1816788  0.08422613
  0.98571509 0.1899369  0.43532913 0.30531958 0.46330093 0.83004457
  0.66323295 0.94868501 0.48660241 0.92390052 0.59912598 0.55281923
  0.21881536 0.38540704 0.3883243  0.38387097 0.73869344 0.85910134]
 [0.63284158 0.70421233 0.55484176 0.99486989 0.32848562 0.72360132
  0.1411047  0.02131997 0.3238212  0.41613472 0.63158519 0.7082551
  0.48364096 0.04506068 0.96072769 0.72296907 0.35456119 0.05750947
  0.66633502 0.27329508 0.96504317 0.17685601 0.731126   0.26011899]
 [0.86115332 0.50194057 0.53147076 0.83065469 0.76910598 0.34881653
  0.37373001 0.1958109  0.05584323 0.32409231 0.44589962 0.36977018
  0.80244892 0.24918153 0.33138914 0.67104282 0.23246118 0.3645376
  0.10136619 0.32990138 0.9666657  0.15609864 0.17325238 0.38074916]
 [0.54601702 0.05432222 0.23727682 0.5566095  0.20943713 0.29211325
  0.64172986 0.30913954 0.16073177 0.38755216 0.0483775  0.00617848
  0.12108588 0.67530848 0.04536237 0.51013187 0.30319993 0.85539513
  0.11678832 0.29580662 0.0824065  0.25152298 0.36390331 0.01663971]
 [0.9642579  0.77773376 0.84415387 0.3026182  0.20562256 0.10499127
  0.95674313 0.71601314 0.47008487 0.32870578 0.32264318 0.63806154
  0.54726608 0.39439101 0.98364166 0.22067973 0.74058546 0.56536716
  0.03692626 0.3671835  0.96213286 0.48742737 0.53564065 0.30446211]
 [0.64339804 0.42594006 0.22977511 0.1001989  0.66938568 0.05712207
  0.40806528 0.86640423 0.82155046 0.84866945 0.85478099 0.72412755
  0.20083895 0.90018491 0.65641261 0.23723084 0.11162757 0.50005033
  0.56948886 0.70766733 0.41695491 0.62715673 0.62279842 0.56218127]
 [0.3450934  0.96042472 0.66252173 0.31255561 0.20018683 0.1039896
  0.54264699 0.68797767 0.65573341 0.96630792 0.54650589 0.86432954
  0.61135191 0.08643762 0.49692535 0.35162697 0.62944141 0.69764328
  0.73129633 0.57030332 0.27596775 0.08339221 0.66641052 0.7406007 ]
 [0.42841672 0.36155753 0.41419931 0.79052429 0.54247728 0.05232293
  0.92400071 0.88588177 0.79040513 0.28936576 0.98524704 0.10662557
  0.18922909 0.81299865 0.17221138 0.144834   0.91115144 0.67991028
  0.64831104 0.29515529 0.3070922  0.86130162 0.08789465 0.60783408]
 [0.91491134 0.58749111 0.5752772  0.86762998 0.4880496  0.73085934
  0.00236302 0.9879014  0.64631809 0.07734704 0.43814703 0.42651379
  0.26619719 0.85681578 0.51942965 0.80924541 0.96159247 0.90070285
  0.24292677 0.30046363 0.40761432 0.92051137 0.53058763 0.47614917]][[1.81934757e-01 9.70545535e-01 9.73043670e-01 1.78293357e-01
  7.95756462e-01 7.94340418e-01 7.08456272e-01 3.50539551e-01
  8.16441527e-01 2.73926470e-01 4.07263844e-01 8.82044064e-01
  9.59065664e-01 2.68533783e-02 1.27118724e-01 7.70844675e-01
  3.50080093e-01 2.89210529e-01 6.05793409e-01 5.99694278e-01
  2.83039296e-01 2.00010107e-01 4.08856101e-01 7.50513748e-01]
 [9.65739514e-01 8.40673789e-01 7.83657151e-01 2.65655770e-01
  3.38256939e-01 8.26343042e-01 9.48572546e-01 1.08042528e-01
  8.46410030e-01 3.66700970e-01 4.61391890e-01 2.46108417e-01
  5.39601926e-01 9.98304140e-01 7.99589181e-01 5.08427816e-01
  4.79877363e-01 8.41406887e-01 7.24294070e-01 4.68254011e-01
  1.52299042e-01 1.09779203e-01 2.34110080e-02 8.04083413e-01]
 [9.68329453e-01 8.48077898e-03 5.77415394e-01 2.19290265e-01
  9.51224963e-01 9.00785251e-01 8.21434664e-01 5.98403649e-01
  2.79735343e-01 1.05784518e-01 3.56631326e-01 4.25430207e-01
  5.91291895e-01 1.78846681e-01 2.61207176e-01 7.64150167e-01
  9.92288139e-01 8.86532970e-02 1.69061056e-01 2.04011785e-02
  6.07449834e-01 3.41072655e-01 2.14321934e-01 2.69716601e-01]
 [5.72506798e-01 9.51388354e-01 2.08849065e-01 1.70430640e-01
  8.20425294e-01 2.51752881e-01 9.32626833e-01 2.46816284e-01
  2.18386586e-01 2.81398168e-02 6.94401959e-01 9.50321147e-01
  7.36123942e-01 1.12466503e-02 9.99378999e-01 9.16689376e-01
  3.96865449e-01 6.53979129e-01 7.51295731e-01 1.55886603e-01
  7.25097890e-01 2.65080214e-01 6.52013941e-01 5.96503158e-02]
 [5.13168699e-01 5.44318748e-01 1.63894735e-01 3.85131883e-01
  5.42362508e-01 5.54779105e-01 4.79504524e-02 7.03984326e-01
  6.58693222e-01 4.51458804e-01 1.51466129e-01 1.63409826e-01
  8.65989714e-01 9.86771752e-01 4.14926749e-01 8.55306518e-01
  2.25526962e-01 5.95262652e-01 9.60776480e-01 6.21086015e-02
  6.68587303e-01 1.49442148e-01 2.82091895e-01 9.11658130e-01]
 [3.51998470e-01 4.41999152e-01 7.61617108e-01 9.85267389e-01
  6.22310309e-01 1.87318002e-01 2.75562486e-01 7.32676243e-01
  5.67485299e-01 8.38613485e-01 5.32402993e-01 5.94489956e-01
  2.24419004e-01 8.61628978e-01 5.78771275e-01 5.92373683e-01
  1.55353892e-01 1.71898492e-01 4.69997870e-01 4.07101128e-01
  9.32041516e-01 9.15358124e-01 5.89627047e-01 8.52796089e-01]
 [9.70845401e-01 8.66855891e-01 7.86284578e-01 5.94295692e-02
  5.39552018e-01 8.64765059e-01 5.06690687e-01 3.02357389e-01
  5.86451763e-01 2.78568445e-01 2.84632963e-01 7.75273091e-01
  6.70944654e-01 3.05919070e-01 9.31603848e-01 5.57327879e-01
  9.23880752e-01 5.34909618e-01 8.26325463e-01 8.67131926e-01
  6.33680147e-01 9.71028064e-01 6.70858303e-02 4.59519375e-01]
 [5.66656815e-01 7.96882674e-01 7.85353425e-01 4.93330120e-01
  2.19354297e-02 8.13689767e-01 7.02595629e-01 8.07083961e-01
  6.04064982e-01 2.35527445e-02 3.39023784e-01 1.82889049e-01
  2.05442659e-01 3.20107777e-02 5.79565604e-01 2.56964390e-01
  8.79880172e-01 4.16020049e-01 8.38475301e-01 6.19837138e-01
  1.08293827e-01 2.31025575e-01 9.56804544e-01 2.76220280e-01]
 [4.84023651e-01 4.99215694e-01 9.86871866e-01 7.38854187e-01
  4.53607407e-01 5.63435869e-01 5.30245377e-01 6.71367836e-01
  2.95237747e-01 1.52484243e-01 3.36387893e-01 8.07135185e-01
  6.34196282e-01 4.54419397e-01 5.03918817e-01 9.99221199e-01
  1.48774948e-02 5.38209917e-01 2.79422123e-01 6.51273610e-01
  9.17200710e-01 6.88383564e-01 9.11221927e-01 4.17907135e-01]
 [4.29527400e-01 1.49810052e-01 1.68329658e-02 1.78541753e-01
  6.44663420e-01 6.69777119e-01 4.52828234e-01 8.79025173e-01
  3.72337357e-01 6.89603944e-01 6.02460335e-02 4.55422363e-01
  7.02038216e-01 3.95689884e-01 5.47954325e-01 8.09058961e-01
  9.93672829e-01 1.28603357e-01 5.90175625e-01 4.58364776e-01
  2.12077297e-01 5.17448658e-01 6.33003200e-01 6.47718242e-02]
 [6.71003820e-01 5.02445336e-01 4.26851815e-02 4.80808795e-01
  6.31824963e-01 1.15171318e-01 9.38694042e-01 5.05262466e-01
  9.21801459e-02 2.31548944e-01 4.29116263e-01 8.87910241e-01
  6.19346225e-01 4.85577656e-01 7.78399186e-01 5.81836559e-01
  2.75206427e-01 3.20990099e-01 8.71488991e-01 4.71505176e-01
  5.48769686e-01 1.56165520e-01 6.76273637e-01 9.45661305e-01]
 [2.87511230e-01 8.44647052e-01 7.51024463e-01 7.49265190e-01
  6.63835754e-01 5.46542294e-01 1.47430120e-01 5.00781172e-01
  8.80089386e-01 2.01597417e-01 6.59881405e-01 5.38358969e-01
  8.77306132e-01 7.56183728e-01 3.10070455e-04 9.84540326e-01
  5.91794087e-01 3.41444009e-01 3.93796333e-01 5.90889313e-01
  5.64296885e-01 7.27431076e-01 3.27588988e-01 3.34309297e-01]
 [6.33925247e-01 4.94176032e-01 1.07265782e-01 6.90074066e-01
  5.35521999e-01 4.76819597e-01 5.97204012e-01 2.83755747e-01
  1.34989282e-01 2.79924992e-01 7.13792644e-01 6.93013655e-01
  9.05069574e-02 8.99028051e-01 6.23129420e-01 3.56164820e-01
  6.94880397e-02 8.11531904e-01 8.60238788e-01 5.32046614e-01
  7.76733801e-01 4.93370315e-01 4.42996865e-01 6.66124087e-02]
 [2.47646347e-01 4.01146912e-01 1.32934506e-01 2.62437448e-01
  7.19762954e-01 2.47140453e-01 3.70898790e-01 8.12723272e-01
  4.38246270e-01 7.31363024e-01 4.79248109e-01 1.26592081e-01
  1.77044064e-02 1.43181457e-01 3.59898153e-01 4.40239409e-01
  7.13077259e-01 8.96653321e-01 1.28388417e-01 1.37708250e-01
  4.13202309e-01 4.91508330e-01 8.09898778e-01 5.48585586e-01]
 [4.30294606e-01 4.31116677e-01 8.36844722e-01 5.37313550e-01
  8.20871362e-01 3.60705661e-01 6.24865728e-01 5.30636579e-01
  1.99540877e-01 9.42410607e-01 7.83509276e-01 9.84856746e-01
  4.01911200e-02 8.54161826e-01 9.75809825e-01 4.09339466e-01
  2.02780512e-01 6.46470049e-01 9.49851732e-01 3.78332848e-01
  1.12632689e-01 2.91273223e-02 2.41306648e-01 4.76202182e-01]
 [6.08849248e-02 7.61778411e-01 1.06459152e-01 9.60226429e-01
  1.93312327e-01 2.09829009e-01 6.44009905e-01 6.67495285e-01
  5.38244661e-01 7.80448692e-01 8.56584293e-02 8.16176756e-01
  7.60533587e-01 3.47102168e-01 9.30325359e-01 2.41387115e-01
  6.87845599e-02 3.23451636e-01 7.57697980e-01 7.04349526e-01
  4.06256849e-01 9.61731088e-01 5.25438987e-01 8.74786089e-02]
 [5.17636377e-01 7.38462841e-01 3.60299134e-01 3.64547137e-01
  1.87983674e-02 2.74724770e-01 7.32697956e-01 7.52379188e-01
  6.81957356e-01 3.67741348e-01 8.96303207e-01 4.80551480e-01
  6.94283687e-01 8.44621351e-01 5.24315743e-01 1.83859557e-01
  6.44517576e-01 3.87630622e-01 3.81137184e-01 5.19686697e-01
  3.61557486e-01 2.43781610e-01 7.48114056e-01 9.69386892e-01]
 [8.36914184e-01 8.25134186e-01 3.18941197e-01 8.37512823e-01
  1.50694829e-01 5.24454273e-02 9.39995774e-01 1.92250279e-01
  2.37866516e-02 4.35369735e-01 5.75097604e-01 6.99654715e-02
  1.08875416e-01 4.24101128e-01 5.06895819e-01 3.83291055e-01
  2.66465970e-01 5.05998665e-01 7.68818616e-01 3.74262249e-01
  8.96316612e-01 2.00281088e-02 2.18592423e-02 6.69349829e-01]
 [6.31984468e-01 8.58303637e-01 6.74656206e-01 4.43492039e-01
  2.13099109e-01 8.43949185e-01 5.22415221e-01 7.68430046e-01
  3.61791849e-01 8.15466752e-01 5.63287046e-01 2.31199910e-01
  3.29577010e-01 2.17093999e-01 6.86739873e-01 9.55739406e-01
  6.24983825e-01 4.72910645e-03 7.38584794e-01 1.16848802e-01
  7.16734073e-01 1.32474302e-01 6.08512500e-01 1.74532784e-02]
 [9.93435453e-01 8.22174002e-01 2.69729078e-01 9.06375903e-01
  1.21573709e-01 3.87715608e-02 6.37831963e-01 6.58187482e-01
  8.53088252e-01 5.03387928e-02 3.14898087e-01 5.14796510e-02
  9.53522186e-01 5.49027164e-02 6.31617630e-01 9.63622476e-01
  4.17737902e-01 3.83561230e-02 2.40262982e-01 1.98437540e-01
  3.04348774e-02 7.95589217e-01 3.46795477e-02 6.78280787e-01]
 [1.94154029e-01 9.20012220e-01 7.82718956e-01 3.97000182e-01
  4.39053009e-01 5.93954756e-01 6.82945889e-01 1.68063575e-01
  2.69051370e-01 3.13757603e-01 4.25378734e-01 9.32883595e-01
  3.67216247e-01 6.78635472e-01 7.98366608e-01 1.24361369e-01
  3.48690850e-01 7.21413933e-02 1.29729813e-01 7.30743035e-01
  4.15635590e-01 1.21134098e-01 9.61119742e-01 7.72462353e-01]
 [8.29513937e-02 9.06955259e-01 6.35247288e-01 5.43388187e-01
  1.43164512e-01 5.92623600e-02 6.82802696e-01 7.91435354e-01
  2.57943102e-01 7.16201852e-01 9.96500726e-01 6.59989936e-01
  2.83060615e-01 9.08383465e-01 9.46776040e-01 8.74575712e-01
  5.83134658e-01 3.49655655e-01 5.31920868e-01 9.70223575e-01
  5.44041804e-01 8.11214445e-01 7.54089565e-01 9.37930247e-01]
 [7.18524453e-01 1.05765410e-01 8.28523092e-01 9.51559525e-01
  8.44339714e-01 2.85745509e-01 1.70313097e-01 5.37747063e-01
  3.01805421e-01 5.40477307e-01 2.86732314e-01 5.71326820e-01
  7.95242380e-01 9.74234783e-01 8.75396073e-01 9.31858442e-01
  3.96289894e-01 9.94954674e-01 3.75430501e-01 3.22342422e-01
  5.03902726e-01 8.95675829e-01 5.60870327e-01 6.85427059e-01]
 [5.16401471e-01 1.87385553e-02 5.07680280e-01 1.58868498e-01
  7.71085271e-01 5.03370270e-01 6.92716943e-01 2.00217133e-01
  9.56367028e-01 2.38629915e-01 5.98078921e-01 1.56416534e-01
  3.05088731e-01 6.13533730e-02 4.21551886e-01 2.81461496e-01
  2.24313635e-02 9.79701298e-01 3.11423347e-02 9.27895818e-01
  9.99481566e-01 5.30134569e-01 9.27442415e-01 8.62647255e-01]][[0.75324786 0.55900688 0.23357567 0.0060133  0.0785516  0.88620271
  0.93446499 0.99500234 0.67740153 0.70707527 0.31120694 0.38852164
  0.37002438 0.60868138 0.05842491 0.91746711 0.67018195 0.21146519
  0.64206251 0.26690952 0.27068845 0.53661736 0.20789518 0.44553038]
 [0.07290321 0.57554378 0.7383325  0.30398763 0.46266203 0.05957384
  0.41404646 0.3956247  0.97382827 0.66949451 0.72949325 0.98471916
  0.24141711 0.36257573 0.34202333 0.14925498 0.5821225  0.59435773
  0.3110748  0.90476688 0.92517129 0.90618648 0.39865154 0.23961455]
 [0.35073645 0.02595855 0.9327796  0.86091599 0.33098921 0.04633177
  0.29714438 0.69068075 0.04171665 0.59799461 0.66832882 0.57707692
  0.19709384 0.10960422 0.99738234 0.72181985 0.49371957 0.42183497
  0.34125124 0.8134316  0.04451022 0.52843693 0.00105629 0.67245566]
 [0.64424209 0.26955375 0.11536473 0.51101563 0.16496828 0.09105465
  0.65185147 0.87277739 0.91444723 0.84940379 0.70143446 0.69344981
  0.24718974 0.07585259 0.17700788 0.52031341 0.94757462 0.2229484
  0.80418939 0.08386981 0.43393384 0.61002781 0.57412427 0.71485653]
 [0.67243406 0.06482061 0.99667882 0.67307869 0.5639799  0.7957155
  0.34529789 0.6003075  0.76621786 0.60618196 0.9882203  0.50499197
  0.29290664 0.67235186 0.65085661 0.42348483 0.5548311  0.85459301
  0.05256297 0.98314326 0.14988272 0.24406203 0.33522825 0.38426672]
 [0.46249918 0.31890547 0.27923601 0.05126599 0.49059686 0.44337683
  0.74432638 0.22370562 0.4519472  0.39322701 0.25196027 0.20412779
  0.31913875 0.39619363 0.86736676 0.95799756 0.70922808 0.19538583
  0.46357204 0.90275512 0.33979402 0.82244761 0.40192165 0.49035983]
 [0.51439072 0.7163631  0.57945792 0.85754354 0.60359043 0.06104563
  0.3323192  0.0806972  0.41648647 0.38904676 0.67397086 0.04306706
  0.72459404 0.62798993 0.55659088 0.31813249 0.47778102 0.55644446
  0.61707328 0.42678398 0.42123951 0.2583738  0.68824047 0.4955907 ]
 [0.96006374 0.77875005 0.91745306 0.90803746 0.48903828 0.14243005
  0.37006085 0.13466826 0.55620129 0.87195448 0.66848357 0.84741602
  0.45618245 0.58778476 0.89485255 0.90752602 0.34463778 0.92878628
  0.47003719 0.12482857 0.81714752 0.26853164 0.57522593 0.3232262 ]
 [0.56770671 0.04163352 0.70993355 0.89875356 0.54523158 0.5944569
  0.09344264 0.4337434  0.95761903 0.01720377 0.07342158 0.83500924
  0.16775473 0.83273183 0.77476745 0.57763463 0.06911524 0.94509106
  0.55223209 0.06250622 0.45147871 0.99106267 0.5870717  0.4425247 ]
 [0.6934602  0.5348567  0.94148403 0.13308318 0.50186232 0.93345285
  0.30034135 0.04763326 0.87462293 0.29692276 0.56122002 0.77364177
  0.72006981 0.93563731 0.90089792 0.24057883 0.12244479 0.09404997
  0.86083668 0.84392362 0.085222   0.93997874 0.54986663 0.91993623]
 [0.21725936 0.49577878 0.72964796 0.02030968 0.10929616 0.48260649
  0.02933611 0.44923628 0.21363007 0.53919298 0.9916942  0.30137224
  0.01860959 0.64304937 0.11927967 0.06870759 0.94035765 0.50010309
  0.46321165 0.38979422 0.45235382 0.58611613 0.74434578 0.52150783]
 [0.81384762 0.43803552 0.61365992 0.69809911 0.33273457 0.63934751
  0.86750011 0.50888339 0.05599244 0.61406959 0.21986063 0.19632188
  0.74626085 0.9936724  0.63507315 0.35980577 0.25573602 0.00210365
  0.62566953 0.69143893 0.18406977 0.87885716 0.61480253 0.1127209 ]
 [0.58588632 0.00599428 0.73920019 0.77844263 0.00801209 0.93300341
  0.05193882 0.73389249 0.16475586 0.14204123 0.4478796  0.27268504
  0.22432104 0.55237832 0.31774667 0.23171154 0.33421709 0.56866894
  0.88582191 0.06758297 0.62542796 0.26586602 0.44085183 0.73410621]
 [0.44538784 0.95275285 0.11121461 0.26772131 0.05939756 0.25433029
  0.41525636 0.71481759 0.04570088 0.59745752 0.6955283  0.36718458
  0.91562596 0.36578625 0.95954145 0.51188304 0.02413197 0.6369195
  0.61934888 0.96108912 0.66981508 0.00688186 0.59941825 0.48355927]
 [0.77189428 0.88750002 0.23579281 0.38076702 0.79334194 0.25695972
  0.03781814 0.27888143 0.26128122 0.59711354 0.3790668  0.47014293
  0.61185986 0.62130644 0.40160988 0.30256559 0.41286106 0.84107758
  0.58284299 0.58935499 0.60862776 0.05581627 0.19598843 0.01570848]
 [0.97125212 0.11569961 0.43086206 0.7537075  0.79646692 0.46102478
  0.74857377 0.38726202 0.7147918  0.78858835 0.3136086  0.41935617
  0.68842686 0.38524935 0.1166415  0.04626644 0.92315727 0.75940697
  0.02717865 0.88760149 0.14992527 0.3117043  0.85351679 0.04894561]
 [0.75535009 0.58996439 0.17634029 0.78321497 0.31139549 0.42863045
  0.44995935 0.05381197 0.00807396 0.5553787  0.48591122 0.54818782
  0.40572823 0.28015026 0.11345048 0.1262289  0.92185458 0.21627991
  0.74168394 0.08391954 0.67767427 0.55799028 0.4641679  0.23419285]
 [0.82694169 0.0534059  0.64204277 0.90279983 0.67137429 0.62162044
  0.22314687 0.26353026 0.29559525 0.34180258 0.92983055 0.39729752
  0.33814013 0.75356059 0.6979034  0.02503262 0.58573342 0.5656497
  0.00799962 0.76053724 0.4762217  0.94147775 0.80072084 0.30938894]
 [0.84009176 0.19814629 0.91906932 0.78780906 0.61830832 0.87408993
  0.65592815 0.60195939 0.67431447 0.99123865 0.64744053 0.96085221
  0.80567656 0.12098032 0.06031698 0.81992868 0.37630183 0.41826501
  0.14367498 0.57126342 0.73126605 0.13434847 0.27861725 0.85035582]
 [0.47951057 0.19873468 0.017126   0.2891838  0.34797146 0.99384147
  0.78394166 0.73686249 0.64062058 0.12123294 0.66752171 0.09671799
  0.53551178 0.48164303 0.47897429 0.03698016 0.6001003  0.37337187
  0.23576745 0.77052344 0.84173013 0.23275599 0.23769514 0.48790573]
 [0.89282734 0.99264886 0.68584839 0.51324694 0.83015532 0.14771015
  0.04765978 0.38790025 0.90235883 0.96477292 0.10408522 0.33668353
  0.89480912 0.22479197 0.45324919 0.90950516 0.39513853 0.12790674
  0.99588475 0.61889053 0.27195992 0.70051805 0.15767383 0.94585971]
 [0.08187876 0.26112968 0.84629488 0.73700772 0.3450697  0.96070485
  0.13705025 0.5831861  0.27431082 0.94513572 0.680008   0.3455857
  0.32390242 0.63514112 0.11673869 0.79647138 0.308408   0.20815566
  0.03086082 0.57220798 0.50375124 0.74066528 0.29151611 0.61425353]
 [0.25831169 0.48546367 0.4215475  0.74474739 0.52815674 0.54755193
  0.64727698 0.85270908 0.04128451 0.23318636 0.51585694 0.96246321
  0.78027122 0.90917591 0.11572101 0.61221676 0.43925472 0.25511987
  0.74351354 0.55588496 0.48372131 0.145369   0.72058337 0.21852533]
 [0.27953274 0.14486824 0.09700362 0.58934385 0.09894042 0.93140737
  0.53890292 0.55165307 0.18279806 0.44181041 0.40853583 0.90605063
  0.38250644 0.16162571 0.80870982 0.55029231 0.53045145 0.57945535
  0.50567433 0.04810364 0.06510743 0.21735822 0.13454089 0.44389257]]