[[3.47025349e+19 1.57669512e+19 1.07220531e+19 1.07220531e+19
  6.28171297e+18 7.59141915e+18]
 [3.47025349e+19 1.57669512e+19 1.53700589e+19 1.07220531e+19
  3.73617355e+19 3.73617355e+19]
 [2.54018468e+19 2.54018468e+19 4.20200441e+19 4.55907683e+19
  3.73617355e+19 3.73617355e+19]
 [9.48672560e+18 1.44102574e+19 4.20200441e+19 4.20200441e+19
  5.03600109e+19 1.63782011e+19]
 [7.15235912e+18 2.27743641e+19 2.27743641e+19 2.37814446e+19
  5.03600109e+19 1.81418029e+19]
 [1.67953323e+19 1.67953323e+19 1.93239408e+19 8.04736194e+18
  2.90139896e+19 1.81418029e+19]][[2.23002385e+19 2.40641540e+19 2.48753184e+19 2.78183566e+19
  2.67707373e+19 1.46487000e+19]
 [1.15796834e+19 1.15796834e+19 3.00114697e+18 0.00000000e+00
  0.00000000e+00 7.46236228e+17]
 [1.15796834e+19 1.15796834e+19 0.00000000e+00 0.00000000e+00
  0.00000000e+00 7.85979377e+18]
 [0.00000000e+00 0.00000000e+00 1.62498988e+19 2.95857251e+19
  6.57480195e+18 7.85979377e+18]
 [0.00000000e+00 0.00000000e+00 1.62498988e+19 2.37759137e+19
  0.00000000e+00 0.00000000e+00]
 [0.00000000e+00 0.00000000e+00 1.72137208e+18 1.72137208e+18
  0.00000000e+00 0.00000000e+00]][[3.69232508e+19 2.10624453e+19 2.79001060e+19 1.16991976e+19
  3.01745523e+18 3.90656047e+17]
 [3.69232508e+19 7.58571448e+18 5.37316541e+18 1.16792733e+19
  2.30836782e+19 2.30836782e+19]
 [2.86772254e+19 2.95674712e+19 3.62283372e+19 5.16788462e+19
  3.83164865e+19 2.30836782e+19]
 [2.38891393e+18 3.02430457e+19 3.62283372e+19 5.16788462e+19
  3.32149950e+19 1.58930989e+19]
 [2.44894468e+18 2.25676095e+19 1.83826632e+19 6.89050462e+17
  1.35972656e+19 7.77344481e+18]
 [4.73744159e+18 2.66025971e+19 1.27527665e+19 4.45356553e+18
  1.35972656e+19 2.89493589e+18]][[1.45328258e+19 1.71162875e+19 1.71162875e+19 6.64108989e+18
  5.49311848e+18 7.32609279e+18]
 [3.58163328e+19 1.90736025e+19 1.15085531e+19 6.64108989e+18
  1.15734004e+19 2.47305644e+19]
 [1.90736025e+19 1.90736025e+19 1.46342191e+19 1.46342191e+19
  1.43156292e+19 4.16029250e+19]
 [0.00000000e+00 0.00000000e+00 1.40652201e+19 1.20187092e+19
  1.04409764e+19 3.08784495e+19]
 [1.79213047e+18 2.00156016e+18 2.76731551e+19 2.59135292e+19
  0.00000000e+00 1.60834804e+19]
 [1.79213047e+18 0.00000000e+00 2.76731551e+19 2.59135292e+19
  0.00000000e+00 9.20246448e+18]][[2.98058619e+19 2.70806375e+19 2.54179711e+19 2.54179711e+19
  2.13249754e+18 2.34196594e+18]
 [3.93214183e+19 5.07469541e+18 1.37239378e+19 6.84602970e+18
  1.39328936e+19 3.29278248e+19]
 [1.20038879e+19 5.87713206e+18 1.77314933e+19 3.83404232e+19
  3.83404232e+19 3.93282915e+19]
 [6.04158839e+16 3.37307710e+18 1.77314933e+19 3.83404232e+19
  3.83404232e+19 2.71203201e+19]
 [2.03358301e+18 1.66477083e+19 1.90879284e+19 1.79121967e+19
  1.08059773e+19 2.29673677e+19]
 [2.03358301e+18 1.66477083e+19 1.90879284e+19 1.79121967e+19
  1.08059773e+19 1.45583862e+19]][[8.66454714e+17 5.33532286e+18 5.33532286e+18 0.00000000e+00
  2.10976516e+18 1.08030258e+19]
 [1.88026764e+19 1.88026764e+19 6.03939895e+18 6.03939895e+18
  5.36969222e+18 5.36969222e+18]
 [0.00000000e+00 2.95365220e+18 1.38749675e+19 1.38749675e+19
  4.36760943e+18 4.36760943e+18]
 [3.59655068e+17 0.00000000e+00 0.00000000e+00 0.00000000e+00
  0.00000000e+00 1.64335801e+18]
 [1.00653448e+18 8.21384548e+18 1.56950368e+19 1.56950368e+19
  0.00000000e+00 1.49288296e+19]
 [3.06540857e+18 8.21384548e+18 1.56950368e+19 1.56950368e+19
  0.00000000e+00 1.49288296e+19]][[0.00000000e+00 0.00000000e+00 0.00000000e+00 2.96911497e+18
  2.96911497e+18 4.80762667e+15]
 [0.00000000e+00 0.00000000e+00 0.00000000e+00 2.96911497e+18
  3.45206221e+18 1.16903512e+18]
 [0.00000000e+00 0.00000000e+00 0.00000000e+00 1.34911982e+18
  0.00000000e+00 0.00000000e+00]
 [4.07246054e+18 1.09486691e+19 4.67814954e+18 0.00000000e+00
  0.00000000e+00 0.00000000e+00]
 [3.13534072e+18 1.09486691e+19 4.67814954e+18 0.00000000e+00
  0.00000000e+00 0.00000000e+00]
 [3.13534072e+18 9.51728301e+18 0.00000000e+00 0.00000000e+00
  0.00000000e+00 0.00000000e+00]][[1.52587158e+19 1.52587158e+19 1.36898031e+19 1.18843043e+19
  1.34729339e+19 1.63909160e+19]
 [4.26444925e+19 4.26444925e+19 1.36898031e+19 7.83652136e+18
  1.55905388e+17 1.29876599e+18]
 [4.26444925e+19 4.26444925e+19 8.02259381e+18 1.21177364e+19
  1.21177364e+19 2.47507292e+19]
 [0.00000000e+00 0.00000000e+00 0.00000000e+00 2.54462879e+19
  2.61975502e+19 2.47507292e+19]
 [7.28954988e+16 0.00000000e+00 1.38821738e+19 1.38821738e+19
  1.20053878e+19 0.00000000e+00]
 [0.00000000e+00 0.00000000e+00 1.63628441e+19 1.63628441e+19
  0.00000000e+00 4.42707691e+18]][[0.00000000e+00 0.00000000e+00 3.97419041e+17 0.00000000e+00
  1.12184241e+17 0.00000000e+00]
 [0.00000000e+00 0.00000000e+00 1.97084743e+18 1.97084743e+18
  1.12184241e+17 0.00000000e+00]
 [1.50994973e+18 0.00000000e+00 1.97084743e+18 1.97084743e+18
  0.00000000e+00 0.00000000e+00]
 [3.18425274e+18 3.18425274e+18 2.28846028e+18 5.58300037e+18
  1.80889626e+17 0.00000000e+00]
 [0.00000000e+00 2.28846028e+18 2.28846028e+18 5.58300037e+18
  1.17829675e+18 5.69582259e+18]
 [1.80913726e+18 0.00000000e+00 0.00000000e+00 2.34554781e+17
  0.00000000e+00 2.63491510e+18]][[2.29009158e+19 1.43909406e+19 1.87683974e+19 2.51624419e+19
  1.60679269e+19 1.39464914e+19]
 [3.52408476e+19 3.52408476e+19 1.65062223e+19 4.85896259e+18
  0.00000000e+00 1.29421351e+19]
 [3.52408476e+19 3.52408476e+19 2.64419219e+18 2.64419219e+18
  0.00000000e+00 1.29421351e+19]
 [1.75572348e+18 0.00000000e+00 0.00000000e+00 2.95455864e+19
  2.95455864e+19 0.00000000e+00]
 [0.00000000e+00 0.00000000e+00 1.23866145e+19 2.95455864e+19
  2.95455864e+19 0.00000000e+00]
 [1.58494476e+18 3.96939569e+17 1.23866145e+19 1.23866145e+19
  0.00000000e+00 2.57375403e+18]][[5.29235344e+18 4.15864090e+18 1.13644333e+19 2.40486782e+19
  2.32158836e+19 3.84641392e+18]
 [0.00000000e+00 0.00000000e+00 0.00000000e+00 0.00000000e+00
  0.00000000e+00 1.61132089e+16]
 [0.00000000e+00 0.00000000e+00 0.00000000e+00 0.00000000e+00
  0.00000000e+00 0.00000000e+00]
 [0.00000000e+00 2.09201931e+18 1.25300990e+19 1.25300990e+19
  0.00000000e+00 0.00000000e+00]
 [0.00000000e+00 2.09201931e+18 2.87489453e+17 0.00000000e+00
  0.00000000e+00 0.00000000e+00]
 [0.00000000e+00 2.87489453e+17 5.22792822e+18 4.55581062e+18
  0.00000000e+00 0.00000000e+00]][[7.49218688e+19 7.49218688e+19 5.67267524e+19 7.13164827e+19
  6.00986129e+19 3.57242135e+19]
 [7.81956289e+19 3.26152908e+19 3.26152908e+19 2.96124715e+18
  0.00000000e+00 0.00000000e+00]
 [7.81956289e+19 3.07831131e+19 4.82792792e+19 4.82792792e+19
  4.54258544e+19 2.00946617e+19]
 [1.16085455e+19 0.00000000e+00 9.33892592e+19 9.33892592e+19
  8.63894190e+19 2.00946617e+19]
 [8.62851227e+18 0.00000000e+00 6.82857252e+19 6.82857252e+19
  5.05468058e+19 0.00000000e+00]
 [1.12398742e+17 6.93584159e+18 2.73848477e+19 1.32757413e+19
  1.77200313e+18 0.00000000e+00]][[0.00000000e+00 2.20202097e+18 6.80105213e+18 6.80105213e+18
  3.78507909e+18 8.89419034e+18]
 [1.93633501e+19 1.93633501e+19 6.80105213e+18 6.80105213e+18
  0.00000000e+00 0.00000000e+00]
 [1.93633501e+19 1.93633501e+19 8.03839475e+18 8.03839475e+18
  0.00000000e+00 0.00000000e+00]
 [3.69980884e+18 0.00000000e+00 4.95535950e+18 3.63803335e+18
  8.42309051e+18 9.41621848e+17]
 [0.00000000e+00 0.00000000e+00 4.95535950e+18 3.63803335e+18
  3.63803335e+18 1.69529346e+19]
 [3.60924628e+18 0.00000000e+00 1.26335317e+19 1.26335317e+19
  5.80114932e+18 1.94675557e+19]][[2.57497187e+19 8.32928651e+17 0.00000000e+00 9.75586324e+18
  9.75586324e+18 9.53953044e+18]
 [2.57497187e+19 1.93305587e+19 1.93305587e+19 1.89750492e+19
  2.07395159e+19 1.36513567e+19]
 [1.96556768e+19 1.93305587e+19 1.93305587e+19 2.66265959e+19
  2.66265959e+19 1.36513567e+19]
 [1.96556768e+19 2.55705317e+19 2.55705317e+19 0.00000000e+00
  3.81873989e+19 3.81873989e+19]
 [1.36868404e+19 2.27131212e+19 1.64161223e+19 7.35305031e+18
  3.18456908e+19 3.18456908e+19]
 [8.68933977e+18 2.27131212e+19 3.12397734e+18 3.93719612e+18
  1.58949097e+19 1.23390041e+19]][[2.98467278e+19 2.44813808e+19 1.73692699e+19 4.70836954e+18
  4.70836954e+18 2.05572040e+18]
 [3.93426604e+19 9.86394127e+18 9.86394127e+18 1.46811398e+19
  3.31441533e+19 3.31441533e+19]
 [3.51490882e+18 1.46962572e+19 4.79034008e+19 5.19608806e+19
  3.31441533e+19 3.31441533e+19]
 [1.02676047e+18 1.14970740e+19 4.79034008e+19 5.19608806e+19
  1.05590642e+19 0.00000000e+00]
 [1.87826646e+18 2.15576956e+19 9.69664992e+18 7.36046090e+18
  1.77727772e+19 0.00000000e+00]
 [5.13341860e+18 2.15576956e+19 9.69664992e+18 7.36046090e+18
  1.77727772e+19 0.00000000e+00]][[0.00000000e+00 0.00000000e+00 0.00000000e+00 3.46983949e+18
  3.46983949e+18 7.86985420e+17]
 [0.00000000e+00 0.00000000e+00 8.00824529e+18 8.00824529e+18
  4.97868233e+18 2.10676328e+19]
 [0.00000000e+00 0.00000000e+00 8.00824529e+18 8.00824529e+18
  0.00000000e+00 2.10676328e+19]
 [4.83560687e+18 3.41437510e+18 0.00000000e+00 0.00000000e+00
  0.00000000e+00 1.26747996e+19]
 [4.83560687e+18 4.27586852e+18 1.78645394e+19 1.06711605e+19
  8.32696891e+18 1.69462703e+19]
 [3.06631542e+18 2.49320144e+16 1.06711605e+19 1.06711605e+19
  8.32696891e+18 1.64458484e+19]][[0.00000000e+00 0.00000000e+00 0.00000000e+00 1.66543704e+18
  4.37399916e+18 4.37399916e+18]
 [0.00000000e+00 1.98176226e+18 1.98176226e+18 7.85759786e+18
  7.47378700e+18 7.47378700e+18]
 [0.00000000e+00 3.62635072e+18 1.98176226e+18 1.02940107e+19
  6.40999030e+18 6.40999030e+18]
 [0.00000000e+00 1.10675778e+19 0.00000000e+00 0.00000000e+00
  1.02101138e+18 0.00000000e+00]
 [6.21477316e+18 1.47365239e+19 1.31798702e+19 0.00000000e+00
  3.14121006e+18 4.94396566e+17]
 [6.21477316e+18 6.21477316e+18 0.00000000e+00 0.00000000e+00
  4.94396566e+17 4.94396566e+17]][[6.94046717e+19 3.25078989e+19 6.07565505e+19 6.11809295e+19
  4.76423513e+19 9.94649178e+18]
 [6.94046717e+19 3.25078989e+19 2.53722603e+19 3.55998830e+18
  3.55998830e+18 3.32231212e+18]
 [7.06124151e+19 1.66698128e+19 1.66698128e+19 1.69876036e+19
  3.09503023e+19 2.33647783e+19]
 [3.02599304e+19 3.72345167e+19 7.42396273e+19 7.42396273e+19
  4.76948665e+19 4.76948665e+19]
 [4.75961744e+18 3.72345167e+19 7.42396273e+19 7.42396273e+19
  3.94898626e+19 1.46565225e+19]
 [9.78032177e+18 3.16366425e+19 2.43059592e+19 7.45952006e+18
  1.62193742e+19 6.28204160e+18]][[7.13629563e+19 7.13629563e+19 6.36506987e+19 6.43710202e+19
  5.32276470e+19 4.00113377e+19]
 [8.42957376e+19 4.17101391e+19 3.36266546e+19 1.84068369e+19
  1.14936898e+19 1.14936898e+19]
 [8.42957376e+19 3.60335543e+19 3.27774906e+19 2.66912682e+19
  3.71404465e+19 7.01200435e+19]
 [1.44157264e+19 1.22723472e+19 5.92078016e+19 7.15651509e+19
  7.15651509e+19 7.01200435e+19]
 [2.97888297e+18 1.19104078e+19 5.92078016e+19 6.80281834e+19
  4.83065780e+19 3.42076633e+19]
 [4.12994588e+18 1.43750409e+19 3.00553947e+19 2.23042293e+19
  1.19128710e+19 1.65731710e+19]][[2.06359804e+19 1.16449620e+19 1.25133423e+19 1.86116488e+19
  1.86116488e+19 1.59530118e+19]
 [2.52760087e+19 1.88824676e+19 1.88824676e+19 1.51801175e+19
  1.51801175e+19 1.18693798e+19]
 [2.52760087e+19 1.88824676e+19 1.88824676e+19 1.51801175e+19
  2.61752348e+19 2.61752348e+19]
 [1.61550326e+19 3.94001606e+19 3.94001606e+19 2.43832999e+19
  4.39763754e+19 4.39763754e+19]
 [1.82276920e+19 3.25602327e+19 3.02068730e+19 2.18921586e+19
  4.39763754e+19 4.39763754e+19]
 [2.07339292e+19 3.25602327e+19 1.25890287e+19 1.48311928e+19
  3.24424933e+19 1.98112334e+19]][[6.54177958e+18 0.00000000e+00 0.00000000e+00 0.00000000e+00
  6.69954304e+17 6.69954304e+17]
 [6.54177958e+18 3.72110369e+18 3.72110369e+18 6.40647885e+18
  1.15627906e+19 1.00461236e+19]
 [1.92729187e+18 3.72110369e+18 3.72110369e+18 1.82989690e+19
  1.15627906e+19 1.00461236e+19]
 [5.11830644e+18 5.11830644e+18 0.00000000e+00 0.00000000e+00
  7.55098028e+18 0.00000000e+00]
 [8.85854398e+18 8.85854398e+18 0.00000000e+00 1.13598227e+19
  1.13598227e+19 0.00000000e+00]
 [8.85854398e+18 8.85854398e+18 0.00000000e+00 1.02330487e+19
  1.02330487e+19 0.00000000e+00]][[2.55307026e+19 2.70768756e+19 1.53592684e+19 1.53569834e+19
  1.74470517e+19 1.73050728e+19]
 [3.42249300e+19 2.48732364e+19 9.45346017e+18 1.14623252e+18
  7.61993903e+18 1.75642499e+19]
 [3.02494288e+19 1.75873840e+19 1.46078964e+19 3.50882719e+19
  3.50882719e+19 3.00095591e+19]
 [7.16854709e+18 1.24023743e+18 1.46078964e+19 3.50882719e+19
  3.50882719e+19 2.84846725e+19]
 [1.88604715e+18 0.00000000e+00 1.34633222e+19 1.67288614e+19
  1.16858786e+19 3.41089662e+18]
 [3.69249428e+18 3.69249428e+18 1.34633222e+19 1.34633222e+19
  0.00000000e+00 0.00000000e+00]][[6.21830244e+17 6.21830244e+17 0.00000000e+00 1.87673326e+18
  5.93364099e+17 8.11170711e+18]
 [2.03949227e+19 8.60000685e+18 7.27302825e+18 7.27302825e+18
  1.03312723e+19 1.08844264e+19]
 [0.00000000e+00 3.19031971e+18 1.73550113e+19 1.73550113e+19
  1.03312723e+19 2.57180681e+19]
 [0.00000000e+00 0.00000000e+00 0.00000000e+00 0.00000000e+00
  0.00000000e+00 6.41211645e+18]
 [3.77795461e+18 2.05280602e+18 2.14052084e+19 1.87464278e+19
  0.00000000e+00 1.26316137e+19]
 [3.77795461e+18 2.05280602e+18 2.14052084e+19 1.87464278e+19
  0.00000000e+00 1.26316137e+19]][[6.44378138e+19 5.27508052e+19 3.57532329e+19 4.16132133e+19
  3.73797326e+19 2.33878072e+19]
 [6.44378138e+19 4.27096294e+19 2.40397022e+19 1.03102036e+19
  1.41656040e+19 3.89356365e+19]
 [3.84580815e+19 3.84580815e+19 4.82774465e+19 5.94493212e+19
  5.94493212e+19 5.12941833e+19]
 [3.40681100e+18 2.18258744e+19 4.82774465e+19 5.94493212e+19
  5.94493212e+19 3.91976245e+19]
 [3.40681100e+18 4.54799307e+18 3.26108503e+19 3.50895726e+19
  2.83088534e+19 0.00000000e+00]
 [3.40524421e+18 0.00000000e+00 3.03964825e+19 3.03964825e+19
  0.00000000e+00 0.00000000e+00]][[0.00000000e+00 0.00000000e+00 0.00000000e+00 0.00000000e+00
  0.00000000e+00 1.50527207e+17]
 [0.00000000e+00 0.00000000e+00 0.00000000e+00 0.00000000e+00
  3.41716788e+17 0.00000000e+00]
 [0.00000000e+00 0.00000000e+00 0.00000000e+00 0.00000000e+00
  0.00000000e+00 0.00000000e+00]
 [6.39937102e+16 6.39937102e+16 0.00000000e+00 0.00000000e+00
  0.00000000e+00 0.00000000e+00]
 [1.32909445e+18 1.32909445e+18 0.00000000e+00 0.00000000e+00
  0.00000000e+00 0.00000000e+00]
 [0.00000000e+00 0.00000000e+00 0.00000000e+00 5.70858978e+18
  0.00000000e+00 6.59351768e+18]][[3.81453102e+19 4.21810334e+19 3.64548718e+19 4.83323344e+19
  4.83323344e+19 2.54549210e+19]
 [3.16158958e+19 1.81895887e+19 1.23657005e+19 6.58806403e+18
  4.08402819e+18 0.00000000e+00]
 [3.16158958e+19 2.75069958e+19 3.32025846e+19 3.94458226e+19
  1.09755870e+19 5.43821776e+18]
 [1.96538003e+19 2.75069958e+19 4.37052549e+19 7.42930548e+19
  5.21812065e+19 5.43821776e+18]
 [9.55090258e+17 1.29873450e+19 1.78209792e+19 4.34485244e+19
  3.13272567e+19 5.90527142e+18]
 [3.17030280e+18 1.26795192e+19 2.05404739e+19 1.27927556e+19
  2.68233704e+19 2.68233704e+19]][[4.79080372e+19 4.79080372e+19 4.25336339e+19 3.83026025e+19
  3.21684555e+19 1.95640537e+19]
 [6.35846997e+19 5.73551728e+19 2.73988884e+19 1.40316002e+19
  1.93764463e+19 1.93764463e+19]
 [5.63510212e+19 4.76060482e+19 4.76060482e+19 7.30039021e+19
  7.88871236e+19 7.29744949e+19]
 [2.10997246e+19 5.27434063e+19 6.84181481e+19 7.37268753e+19
  7.88871236e+19 7.29744949e+19]
 [2.03085149e+19 5.27434063e+19 5.27434063e+19 4.55223889e+19
  5.44128993e+19 5.44128993e+19]
 [2.03085149e+19 3.22029538e+19 3.86106155e+19 2.33508254e+19
  3.75357426e+19 3.75357426e+19]][[9.41901761e+18 1.19501692e+19 1.12091315e+19 1.64302857e+19
  1.64302857e+19 6.15101319e+18]
 [1.99790135e+19 5.90664717e+18 4.61599451e+18 3.58594626e+18
  8.33247818e+18 7.74350590e+18]
 [8.52827640e+17 7.30443239e+18 7.30443239e+18 1.40850308e+19
  2.33899145e+19 2.33899145e+19]
 [1.32556901e+18 7.30443239e+18 7.30443239e+18 1.40850308e+19
  2.08948365e+18 0.00000000e+00]
 [1.32556901e+18 4.96398849e+18 4.96398849e+18 0.00000000e+00
  0.00000000e+00 0.00000000e+00]
 [0.00000000e+00 4.96398849e+18 4.96398849e+18 0.00000000e+00
  0.00000000e+00 0.00000000e+00]][[0.00000000e+00 0.00000000e+00 7.60665312e+17 7.60665312e+17
  7.09967914e+17 0.00000000e+00]
 [0.00000000e+00 8.36863981e+17 7.60665312e+17 2.82753259e+18
  2.82753259e+18 0.00000000e+00]
 [3.36639247e+18 8.36863981e+17 0.00000000e+00 2.82753259e+18
  2.82753259e+18 0.00000000e+00]
 [3.36639247e+18 1.08104984e+18 0.00000000e+00 5.22930444e+18
  5.22930444e+18 0.00000000e+00]
 [1.54259046e+18 6.21708345e+18 0.00000000e+00 5.93109769e+18
  5.93109769e+18 0.00000000e+00]
 [4.77535629e+18 1.85225329e+18 0.00000000e+00 6.98169715e+18
  5.93109769e+18 0.00000000e+00]][[1.11288997e+19 8.18748012e+18 3.95324320e+18 2.53714545e+18
  2.77651126e+18 2.77651126e+18]
 [1.11288997e+19 8.18748012e+18 6.28207869e+18 5.94140321e+18
  6.06767512e+18 9.79066375e+18]
 [2.11681015e+18 6.28207869e+18 6.28207869e+18 1.13049096e+19
  6.06767512e+18 9.79066375e+18]
 [1.15674584e+19 1.15674584e+19 0.00000000e+00 0.00000000e+00
  1.83956529e+19 9.03224922e+18]
 [1.15674584e+19 1.16185549e+19 3.61581706e+18 5.70243857e+18
  1.83956529e+19 1.36337646e+19]
 [8.79581051e+18 8.79581051e+18 3.42410529e+17 5.70243857e+18
  6.75884945e+18 4.69509556e+18]][[0.00000000e+00 0.00000000e+00 0.00000000e+00 0.00000000e+00
  5.19574185e+16 0.00000000e+00]
 [0.00000000e+00 0.00000000e+00 2.89939643e+18 2.89939643e+18
  5.19574185e+16 4.93120644e+17]
 [0.00000000e+00 0.00000000e+00 7.32119662e+17 7.32119662e+17
  0.00000000e+00 0.00000000e+00]
 [0.00000000e+00 0.00000000e+00 2.42162759e+18 0.00000000e+00
  0.00000000e+00 0.00000000e+00]
 [0.00000000e+00 0.00000000e+00 2.42162759e+18 3.52288444e+18
  0.00000000e+00 0.00000000e+00]
 [0.00000000e+00 0.00000000e+00 0.00000000e+00 3.52288444e+18
  0.00000000e+00 0.00000000e+00]][[0.00000000e+00 0.00000000e+00 8.82059004e+18 8.82059004e+18
  0.00000000e+00 0.00000000e+00]
 [0.00000000e+00 0.00000000e+00 0.00000000e+00 1.01057599e+18
  1.01057599e+18 0.00000000e+00]
 [0.00000000e+00 0.00000000e+00 0.00000000e+00 0.00000000e+00
  0.00000000e+00 0.00000000e+00]
 [1.06222976e+18 0.00000000e+00 0.00000000e+00 0.00000000e+00
  0.00000000e+00 0.00000000e+00]
 [2.15086416e+17 0.00000000e+00 0.00000000e+00 0.00000000e+00
  4.63526387e+18 4.63526387e+18]
 [0.00000000e+00 2.72015838e+18 1.81660407e+17 2.49399499e+18
  7.35116804e+18 6.27939945e+18]]