[[0.         0.         0.         0.         0.         0.        ]
 [0.         0.         0.         1.08807417 0.         0.        ]
 [1.41057771 0.         0.         0.         0.         0.        ]
 [1.41057771 0.         0.         0.         0.         0.        ]
 [1.19281541 0.         0.         0.         0.         0.        ]
 [4.03376705 4.03376705 0.         2.05201061 3.10370088 0.        ]][[0.88567545 0.88567545 0.         0.         0.         0.        ]
 [0.         0.         0.         0.         0.         0.        ]
 [0.         0.         0.         0.         0.         0.        ]
 [0.         0.         0.         1.18512452 0.         0.        ]
 [0.         0.         0.         1.18512452 0.         0.        ]
 [0.         0.         0.         0.         0.         0.        ]][[3.84183131 0.         0.         0.28193175 0.28193175 0.        ]
 [5.45798952 0.         0.         1.72055709 1.72055709 0.        ]
 [5.45798952 0.         0.         5.17637943 5.17637943 0.        ]
 [1.89216783 0.         0.         5.17637943 5.17637943 0.        ]
 [0.9386641  0.9386641  0.         0.         0.55325455 0.        ]
 [0.9386641  0.9386641  0.         0.         0.55325455 0.        ]][[3.6297348  1.2115666  1.2115666  1.37417799 0.         0.        ]
 [1.94685322 0.         0.66930269 1.37417799 0.47291482 0.        ]
 [0.         0.         1.99497278 0.27524632 0.         0.        ]
 [0.         0.         1.99497278 0.         0.         0.        ]
 [0.         0.         0.         0.         0.         0.        ]
 [0.         0.         0.         0.         0.         0.        ]][[2.81013031e+00 6.12200469e-01 2.30153101e+00 2.30153101e+00
  1.45617841e-01 4.75650894e+00]
 [0.00000000e+00 0.00000000e+00 6.64475016e-01 2.22838311e-01
  0.00000000e+00 4.21804648e+00]
 [0.00000000e+00 0.00000000e+00 0.00000000e+00 0.00000000e+00
  0.00000000e+00 1.33855593e+00]
 [0.00000000e+00 0.00000000e+00 0.00000000e+00 0.00000000e+00
  0.00000000e+00 1.27082874e+00]
 [0.00000000e+00 0.00000000e+00 0.00000000e+00 0.00000000e+00
  0.00000000e+00 1.73000967e+00]
 [1.06265006e+00 3.25020209e-03 3.91843792e+00 3.91843792e+00
  2.55192820e+00 3.95677517e+00]][[1.81213943 2.44760346 2.21618727 1.06151918 1.30192717 1.41705248]
 [0.         1.39212032 1.81263315 0.87133887 2.62815623 2.62815623]
 [0.         1.19837526 1.81263315 0.87133887 3.63002083 2.62815623]
 [1.99778174 1.64571346 0.         0.         3.72182559 3.72182559]
 [3.77832794 3.77832794 0.38434795 0.32050572 5.40098901 5.40098901]
 [3.77832794 3.77832794 0.         1.42444634 4.85744397 4.85744397]][[0.         0.         0.38366682 1.48612974 1.23429987 0.63935797]
 [0.         2.10208413 0.87690467 2.12141141 1.23429987 0.63935797]
 [0.         0.02410184 2.71591064 2.83066244 1.1531244  0.        ]
 [0.         0.         1.02088479 1.02088479 0.         0.        ]
 [0.         0.         0.         0.         0.         0.        ]
 [0.         0.         0.         0.         0.         0.        ]][[2.28344226 0.         0.30562365 2.06547499 2.06547499 1.43073131]
 [0.28755292 0.         0.7978245  0.92866194 0.         0.        ]
 [0.         0.         0.         0.         0.         0.        ]
 [3.31745682 0.         0.         0.         0.         0.        ]
 [3.31745682 0.         0.         0.         0.         0.        ]
 [5.66960217 0.         0.         1.93701178 1.93701178 0.        ]][[0.80675674 3.69012759 3.69012759 0.51758471 1.36676792 1.36676792]
 [7.5093546  5.81380772 0.         0.         0.         0.        ]
 [7.5093546  7.25874851 0.         0.         0.8686099  0.8686099 ]
 [6.32754691 6.32754691 0.         0.         0.8686099  0.8686099 ]
 [0.         6.98079505 7.94907381 0.44717673 0.         0.        ]
 [0.         6.98079505 7.94907381 4.39756782 0.         1.29304557]][[0.         1.02593138 2.84795456 2.84795456 0.08896583 1.43752053]
 [0.         0.         0.         0.08896583 0.08896583 0.        ]
 [1.69499657 1.69499657 0.         0.         0.         0.        ]
 [3.44459572 3.44459572 0.         0.07497598 4.46655876 0.        ]
 [3.44459572 3.44459572 1.00987615 1.00987615 4.46655876 0.        ]
 [0.99889202 0.99889202 1.00987615 1.00987615 0.88927383 0.        ]][[2.02939415 1.12116327 0.80983206 0.80983206 0.         2.75212309]
 [0.         0.         1.31184964 1.31184964 0.         2.84668115]
 [0.         0.         1.28312169 1.28312169 0.         4.3189582 ]
 [0.         0.         0.         0.         0.         2.98151561]
 [0.         0.         7.11885973 7.11885973 0.         2.28756244]
 [0.         0.         7.11885973 7.11885973 0.         0.95855182]][[0.01899362 1.18505797 1.18505797 0.63822199 0.         0.        ]
 [0.         0.         0.29767603 0.63822199 0.         0.        ]
 [5.74536006 0.         0.         0.         0.         0.        ]
 [6.97914618 0.         1.13092226 1.73668796 1.73668796 0.        ]
 [6.11893373 6.11893373 1.13092226 3.0668655  3.0668655  0.        ]
 [6.11893373 6.11893373 0.         2.10448492 2.10448492 0.        ]][[0.89094226 0.         0.         0.         0.         0.        ]
 [0.89094226 0.         0.22968003 0.22968003 0.         0.        ]
 [0.39197032 0.         3.17537512 3.17537512 0.         0.        ]
 [1.14134624 0.         0.61531818 0.61531818 0.         0.        ]
 [1.14775408 0.         0.         0.81920929 0.         2.05605065]
 [1.82569789 0.         0.         0.         3.60960135 3.60960135]][[1.19226115 1.02275901 0.         0.         0.         0.        ]
 [1.44279843 5.4487707  3.43343706 0.05709278 0.         0.        ]
 [0.22333837 3.43343706 3.43343706 1.4679995  0.         0.        ]
 [0.         0.         0.         0.         0.22382679 0.22382679]
 [0.         0.45449426 0.         0.         3.92434654 3.05271319]
 [0.         0.70059147 0.         0.         3.92434654 3.05271319]][[1.39609207 2.92923158 2.92923158 1.97330507 0.83060601 0.        ]
 [0.         0.         0.         0.         0.         0.        ]
 [0.74991166 0.         0.         0.         0.         0.        ]
 [1.31162058 0.         0.         0.         0.         0.        ]
 [2.79152827 0.         0.         0.         0.         1.76374431]
 [2.79152827 0.10692183 0.         0.         0.         1.76374431]][[0.         0.80317554 0.80317554 0.27174928 0.27174928 0.        ]
 [1.27435773 0.80317554 0.80317554 0.         0.         0.        ]
 [3.43918952 0.         0.         0.         1.07753915 3.11342164]
 [2.09962224 0.94955804 0.         3.64622591 4.40842831 5.86983805]
 [1.2616217  0.94955804 0.         3.64622591 3.64622591 5.86983805]
 [1.03482756 3.96050429 3.96050429 0.53273151 1.5776423  3.45505574]][[0.         0.         0.         0.         0.         0.        ]
 [0.30641345 0.30641345 0.         0.         0.         0.        ]
 [0.14017964 0.14017964 2.95968304 5.72023497 3.82757252 0.        ]
 [0.         0.         2.95968304 5.72023497 3.90207883 0.        ]
 [0.         0.         0.         0.         0.         0.        ]
 [0.         0.         0.         0.         0.         0.        ]][[2.12711864 2.12711864 2.74541241 2.74541241 2.28789937 2.28789937]
 [1.58692969 2.93715948 2.74541241 2.74541241 2.28789937 2.28789937]
 [1.07486733 0.         0.         0.         0.         0.        ]
 [1.07486733 0.77007671 0.18384737 1.44801795 1.44801795 0.        ]
 [0.77007671 0.77007671 0.18384737 1.44801795 1.44801795 0.        ]
 [0.         0.         0.         0.08397865 0.08397865 0.        ]][[1.13284889 0.         0.         0.         0.         1.41331783]
 [0.81631577 0.         0.         0.         0.34227389 0.34227389]
 [1.54803956 1.54803956 0.         0.         0.34227389 0.34227389]
 [1.54803956 1.54803956 0.         0.48096263 0.48096263 0.        ]
 [0.         0.         0.         0.48096263 0.48096263 0.        ]
 [0.         0.         0.         0.         0.         0.        ]][[0.05359463 0.55910324 0.         0.22921867 0.22921867 0.        ]
 [0.05359463 0.         0.         3.21214304 3.21214304 0.        ]
 [0.         0.04601466 0.04601466 4.78298472 4.78298472 0.        ]
 [0.05426188 0.         0.         1.13879736 0.40471405 0.        ]
 [1.69803584 1.69803584 0.         3.1382771  4.83620739 0.        ]
 [2.65469789 2.65469789 0.         3.1382771  4.83620739 0.        ]][[0.30011918 1.47584693 1.83977239 1.38235058 0.54877712 1.69933677]
 [0.         0.         0.02813008 1.1868467  0.57190155 0.57190155]
 [0.         0.         0.         0.         0.57190155 0.57190155]
 [0.70282482 0.70282482 0.         0.         0.         0.        ]
 [2.1366214  2.1366214  0.82221793 3.6707536  4.59298892 0.        ]
 [3.65840953 3.65840953 0.82221793 3.6707536  3.84087093 0.        ]][[1.11614977 1.11614977 2.25518709 2.25518709 0.         0.22502004]
 [0.         0.         0.         0.         0.         0.        ]
 [0.         0.         0.         0.         0.         0.        ]
 [0.         0.         0.         1.56022371 0.         0.        ]
 [0.         0.         0.         0.         0.         0.        ]
 [0.         0.         2.41858881 2.86216843 1.38708454 0.        ]][[0.         0.72817809 0.22032564 1.38612559 0.9257769  0.29715153]
 [0.         0.72817809 0.22032564 0.9257769  0.9257769  0.        ]
 [0.86229485 0.         0.         0.         0.         0.        ]
 [2.66750929 0.         0.         0.         0.         0.        ]
 [3.8098749  0.76048789 0.         0.         0.         0.        ]
 [3.8098749  0.76048789 0.         0.         0.         0.        ]][[0.         0.         3.30443894 3.30443894 2.36735059 2.15027838]
 [0.         0.         0.         0.         0.         0.        ]
 [0.         0.         0.         0.         0.         0.        ]
 [0.         0.         0.         0.         0.         0.        ]
 [0.         0.         0.         0.         0.         0.        ]
 [0.         0.         0.         0.         0.         0.        ]][[0.2313729  1.00905392 1.00905392 1.14823256 0.58682933 0.        ]
 [0.63637703 1.00905392 1.00905392 1.14823256 2.43935079 0.        ]
 [2.97859094 0.68452448 1.63513034 1.32716878 5.00387247 0.        ]
 [2.8533448  0.         2.01331114 2.01331114 3.45633756 0.        ]
 [3.28608477 0.885268   2.01331114 3.34450027 1.73108052 0.        ]
 [3.28608477 0.885268   0.         3.34450027 1.11697369 0.        ]][[0.         0.         0.49740276 0.49740276 0.         0.        ]
 [0.         0.         0.49740276 0.49740276 0.         0.        ]
 [0.         0.         0.         0.         0.         0.        ]
 [0.         0.         0.         0.37503754 0.         0.        ]
 [0.         0.         0.         0.37503754 0.         0.        ]
 [0.         0.         0.         0.         1.53577463 1.53577463]][[1.41767261 1.41767261 0.         0.         0.         0.        ]
 [0.         0.         0.5575205  0.62274152 0.         0.67886752]
 [0.         0.         0.5575205  0.62274152 0.         0.        ]
 [0.         0.         0.         0.         0.         0.        ]
 [0.         0.         0.         0.         0.         0.        ]
 [0.         0.         0.         0.         0.         0.18520817]][[3.31482615 2.75369    2.75369    0.36893855 1.68406637 0.97241407]
 [2.00820083 0.71085098 0.01568834 2.22275533 3.58960436 2.98242353]
 [0.         0.         0.         2.97705618 6.6020551  3.87779852]
 [0.         0.         0.         0.         0.         0.        ]
 [0.         0.         0.         1.03897767 0.         0.        ]
 [0.30030816 0.         0.         0.         0.         0.        ]][[0.         0.82113874 0.08676756 0.20360349 0.55308337 1.19540842]
 [0.         0.18289165 0.18289165 0.28257865 0.28257865 1.19540842]
 [0.         2.91345882 2.91345882 0.02345305 0.02345305 0.        ]
 [0.         3.51619424 3.51619424 0.         0.         1.96294845]
 [0.         3.51619424 3.51619424 0.         1.61497545 2.86477314]
 [0.89801887 1.6392336  0.         1.2301873  1.2301873  1.77274234]][[2.53988005e+00 2.31147707e-01 0.00000000e+00 1.38572667e-02
  2.92395836e-03 0.00000000e+00]
 [2.53988005e+00 6.07813696e-01 6.07813696e-01 8.45467543e-01
  1.58901790e+00 6.59977689e-01]
 [1.78755649e+00 1.78755649e+00 0.00000000e+00 8.45467543e-01
  1.92806830e+00 5.39670156e-01]
 [2.33715054e+00 7.37911767e+00 4.91630785e-01 1.35321316e+00
  9.05976217e+00 7.83148562e+00]
 [3.52791952e+00 7.37911767e+00 4.91630785e-01 1.70328991e+00
  9.05976217e+00 7.83148562e+00]
 [3.52791952e+00 4.64125215e+00 0.00000000e+00 0.00000000e+00
  3.36229796e+00 2.28567826e+00]][[1.41941728 0.         0.         1.060295   1.060295   0.        ]
 [1.25297179 2.37956467 0.         0.         0.         0.        ]
 [1.25297179 2.37956467 0.         0.         0.         0.65121603]
 [0.         0.         0.         0.         0.         0.65121603]
 [0.         0.         0.         0.         0.         0.        ]
 [0.         0.12546388 3.29675363 0.53557771 0.         0.        ]][[0.         2.61742439 2.61742439 0.         0.         0.        ]
 [0.         0.         0.         0.         0.         0.        ]
 [3.05191656 1.00245523 0.         0.         0.         0.        ]
 [3.05191656 1.00245523 0.         0.         0.         0.        ]
 [0.23914133 0.         4.89890972 4.89890972 0.         0.        ]
 [0.68809084 0.68809084 4.89890972 4.89890972 0.         0.        ]]