[[2.38779191e+19 1.43262078e+19 3.81327557e+18 9.74140491e+18
  9.42237369e+18 0.00000000e+00 0.00000000e+00 0.00000000e+00
  0.00000000e+00 0.00000000e+00 0.00000000e+00 0.00000000e+00]
 [0.00000000e+00 0.00000000e+00 0.00000000e+00 0.00000000e+00
  5.40825377e+18 0.00000000e+00 0.00000000e+00 0.00000000e+00
  0.00000000e+00 5.51828764e+17 6.28171297e+18 7.59141915e+18]
 [3.47025349e+19 1.65369379e+19 1.57669512e+19 3.99481908e+17
  2.44655760e+18 1.01163074e+19 1.07220531e+19 7.35300696e+18
  0.00000000e+00 0.00000000e+00 2.32733059e+18 0.00000000e+00]
 [3.20386598e+19 2.05530251e+19 0.00000000e+00 0.00000000e+00
  8.82501249e+18 1.09603726e+18 0.00000000e+00 1.77454646e+18
  3.24266662e+18 0.00000000e+00 2.56602370e+18 0.00000000e+00]
 [0.00000000e+00 1.97465005e+19 3.75656487e+18 0.00000000e+00
  1.53700589e+19 2.09806591e+18 1.79791860e+17 6.06975398e+18
  1.04731036e+19 2.08626211e+19 3.73617355e+19 6.57153405e+18]
 [0.00000000e+00 2.15139477e+19 2.54018468e+19 1.62849024e+19
  1.64815306e+19 1.59911249e+19 3.47081711e+19 4.55907683e+19
  2.24037716e+19 1.19899313e+19 1.69124447e+19 0.00000000e+00]
 [9.48672560e+18 6.06480409e+18 1.62798906e+18 1.44102574e+19
  1.23491465e+19 2.58526170e+19 4.20200441e+19 3.73357387e+19
  1.31993961e+19 0.00000000e+00 0.00000000e+00 0.00000000e+00]
 [4.10431646e+18 0.00000000e+00 0.00000000e+00 9.18032753e+18
  0.00000000e+00 0.00000000e+00 0.00000000e+00 0.00000000e+00
  1.85615730e+19 2.40943143e+19 6.89619533e+18 0.00000000e+00]
 [1.38899648e+18 2.23496683e+18 0.00000000e+00 9.46079637e+18
  0.00000000e+00 0.00000000e+00 0.00000000e+00 7.33589685e+18
  2.37814446e+19 5.03600109e+19 1.63782011e+19 0.00000000e+00]
 [6.01267049e+17 2.52426960e+18 3.90464147e+18 2.15139114e+19
  2.27743641e+19 3.70025723e+18 0.00000000e+00 6.62466051e+18
  7.96772387e+18 2.94825456e+19 1.64822426e+19 4.49230090e+17]
 [2.32846232e+18 0.00000000e+00 7.15235912e+18 1.08346917e+19
  1.25157311e+19 1.93239408e+19 0.00000000e+00 0.00000000e+00
  8.04736194e+18 2.90139896e+19 1.81418029e+19 1.71443526e+18]
 [5.73621987e+18 2.47918911e+18 1.67953323e+19 0.00000000e+00
  0.00000000e+00 1.30219956e+19 7.97749261e+18 0.00000000e+00
  3.29538878e+18 1.24398845e+19 1.24987986e+19 4.57805391e+18]][[0.00000000e+00 0.00000000e+00 8.05075784e+18 3.22409742e+18
  0.00000000e+00 6.05798177e+18 1.46214298e+19 2.78183566e+19
  2.67707373e+19 2.11953228e+19 1.46487000e+19 1.09999914e+19]
 [5.05653677e+17 2.13146337e+19 2.23002385e+19 2.40641540e+19
  1.19063199e+19 1.71244006e+19 2.48753184e+19 2.00836718e+19
  1.65610204e+19 1.44198186e+19 6.86878727e+18 4.56191716e+18]
 [0.00000000e+00 0.00000000e+00 0.00000000e+00 2.41634315e+18
  1.38117571e+18 3.00114697e+18 0.00000000e+00 0.00000000e+00
  0.00000000e+00 0.00000000e+00 0.00000000e+00 7.46236228e+17]
 [0.00000000e+00 0.00000000e+00 9.77168444e+18 0.00000000e+00
  0.00000000e+00 0.00000000e+00 0.00000000e+00 0.00000000e+00
  0.00000000e+00 0.00000000e+00 0.00000000e+00 0.00000000e+00]
 [7.13653788e+18 3.26869424e+18 1.15796834e+19 0.00000000e+00
  0.00000000e+00 0.00000000e+00 0.00000000e+00 0.00000000e+00
  0.00000000e+00 0.00000000e+00 0.00000000e+00 0.00000000e+00]
 [2.47867088e+18 0.00000000e+00 0.00000000e+00 0.00000000e+00
  0.00000000e+00 0.00000000e+00 0.00000000e+00 0.00000000e+00
  0.00000000e+00 0.00000000e+00 0.00000000e+00 2.32999750e+18]
 [0.00000000e+00 0.00000000e+00 0.00000000e+00 0.00000000e+00
  0.00000000e+00 0.00000000e+00 0.00000000e+00 0.00000000e+00
  0.00000000e+00 0.00000000e+00 0.00000000e+00 7.85979377e+18]
 [0.00000000e+00 0.00000000e+00 0.00000000e+00 0.00000000e+00
  0.00000000e+00 9.67667410e+18 1.01769728e+19 2.95857251e+19
  6.57480195e+18 0.00000000e+00 0.00000000e+00 0.00000000e+00]
 [0.00000000e+00 0.00000000e+00 0.00000000e+00 0.00000000e+00
  0.00000000e+00 1.13889673e+19 1.62498988e+19 2.37759137e+19
  0.00000000e+00 0.00000000e+00 0.00000000e+00 0.00000000e+00]
 [0.00000000e+00 0.00000000e+00 0.00000000e+00 0.00000000e+00
  0.00000000e+00 0.00000000e+00 0.00000000e+00 0.00000000e+00
  0.00000000e+00 0.00000000e+00 0.00000000e+00 0.00000000e+00]
 [0.00000000e+00 0.00000000e+00 0.00000000e+00 0.00000000e+00
  0.00000000e+00 0.00000000e+00 0.00000000e+00 0.00000000e+00
  0.00000000e+00 0.00000000e+00 0.00000000e+00 0.00000000e+00]
 [0.00000000e+00 0.00000000e+00 0.00000000e+00 0.00000000e+00
  0.00000000e+00 0.00000000e+00 1.72137208e+18 1.53699149e+18
  0.00000000e+00 0.00000000e+00 0.00000000e+00 0.00000000e+00]][[2.97431834e+19 2.03881084e+19 1.63395888e+19 2.10624453e+19
  2.04925696e+19 2.79001060e+19 1.16991976e+19 3.11027354e+18
  1.22296794e+18 1.31075731e+18 0.00000000e+00 0.00000000e+00]
 [2.76612389e+19 3.67588311e+18 0.00000000e+00 1.01645470e+19
  9.84854701e+18 1.31516734e+19 8.93964029e+17 8.29192338e+17
  3.01745523e+18 0.00000000e+00 0.00000000e+00 0.00000000e+00]
 [3.69232508e+19 1.45057704e+19 4.71907966e+18 7.58571448e+18
  0.00000000e+00 0.00000000e+00 0.00000000e+00 0.00000000e+00
  2.37269093e+18 0.00000000e+00 0.00000000e+00 3.90656047e+17]
 [3.17001308e+19 0.00000000e+00 4.18664641e+18 0.00000000e+00
  0.00000000e+00 0.00000000e+00 0.00000000e+00 0.00000000e+00
  0.00000000e+00 0.00000000e+00 3.20013229e+18 1.60546502e+18]
 [2.86772254e+19 0.00000000e+00 0.00000000e+00 0.00000000e+00
  5.37316541e+18 1.71384478e+18 0.00000000e+00 0.00000000e+00
  1.16792733e+19 1.61651867e+19 2.30836782e+19 1.00766778e+19]
 [1.30016319e+19 0.00000000e+00 0.00000000e+00 8.39729841e+18
  2.04275646e+19 6.75765646e+18 1.26343690e+19 3.75154251e+19
  3.83164865e+19 3.55118525e+19 2.17626912e+19 0.00000000e+00]
 [4.70028207e+17 0.00000000e+00 0.00000000e+00 4.46411710e+18
  2.95674712e+19 2.26161393e+19 3.62283372e+19 5.16788462e+19
  3.32149950e+19 2.52956760e+19 1.58930989e+19 0.00000000e+00]
 [0.00000000e+00 2.38891393e+18 0.00000000e+00 1.09363186e+19
  3.02430457e+19 2.41594186e+19 2.73674564e+19 2.35248934e+19
  0.00000000e+00 3.95866075e+18 1.17809621e+19 0.00000000e+00]
 [1.09541248e+18 0.00000000e+00 0.00000000e+00 1.32958250e+19
  1.83826632e+19 1.24322537e+19 0.00000000e+00 3.25933281e+17
  0.00000000e+00 0.00000000e+00 7.77344481e+18 0.00000000e+00]
 [2.44894468e+18 0.00000000e+00 0.00000000e+00 1.77059102e+19
  8.95872305e+18 2.79600109e+17 0.00000000e+00 0.00000000e+00
  0.00000000e+00 6.82735537e+18 6.17862945e+18 0.00000000e+00]
 [1.86365457e+18 0.00000000e+00 1.51705823e+18 2.25676095e+19
  1.27527665e+19 0.00000000e+00 0.00000000e+00 2.04337992e+17
  6.89050462e+17 1.35972656e+19 2.89493589e+18 0.00000000e+00]
 [0.00000000e+00 0.00000000e+00 4.73744159e+18 2.66025971e+19
  1.03800074e+19 0.00000000e+00 0.00000000e+00 0.00000000e+00
  4.45356553e+18 9.65194126e+18 0.00000000e+00 0.00000000e+00]][[0.00000000e+00 1.03852726e+19 1.45328258e+19 6.85844973e+18
  1.71162875e+19 7.15751956e+18 0.00000000e+00 0.00000000e+00
  0.00000000e+00 4.18042939e+18 5.49311848e+18 7.32609279e+18]
 [0.00000000e+00 0.00000000e+00 0.00000000e+00 0.00000000e+00
  0.00000000e+00 0.00000000e+00 0.00000000e+00 0.00000000e+00
  0.00000000e+00 0.00000000e+00 0.00000000e+00 3.36045718e+18]
 [0.00000000e+00 1.13474316e+19 0.00000000e+00 4.49127027e+18
  1.62604455e+18 1.44049205e+18 6.64108989e+18 1.32231133e+18
  0.00000000e+00 0.00000000e+00 0.00000000e+00 3.43878458e+18]
 [0.00000000e+00 3.58163328e+19 1.69618760e+19 0.00000000e+00
  0.00000000e+00 5.69820909e+18 3.44463745e+18 0.00000000e+00
  0.00000000e+00 0.00000000e+00 0.00000000e+00 4.36508609e+18]
 [0.00000000e+00 9.39548982e+18 1.90736025e+19 0.00000000e+00
  0.00000000e+00 1.15085531e+19 5.19675204e+18 0.00000000e+00
  0.00000000e+00 6.56604437e+18 1.15734004e+19 2.47305644e+19]
 [0.00000000e+00 0.00000000e+00 4.25389415e+18 0.00000000e+00
  0.00000000e+00 1.37948080e+19 1.46342191e+19 6.98219932e+18
  1.36995121e+19 1.30562610e+19 1.43156292e+19 4.16029250e+19]
 [0.00000000e+00 0.00000000e+00 0.00000000e+00 0.00000000e+00
  0.00000000e+00 1.40652201e+19 1.20187092e+19 0.00000000e+00
  1.04409764e+19 3.97985581e+18 0.00000000e+00 3.08784495e+19]
 [0.00000000e+00 0.00000000e+00 0.00000000e+00 0.00000000e+00
  0.00000000e+00 0.00000000e+00 0.00000000e+00 0.00000000e+00
  0.00000000e+00 0.00000000e+00 0.00000000e+00 2.19150129e+19]
 [0.00000000e+00 0.00000000e+00 0.00000000e+00 0.00000000e+00
  0.00000000e+00 4.15897984e+18 0.00000000e+00 0.00000000e+00
  0.00000000e+00 0.00000000e+00 0.00000000e+00 1.60834804e+19]
 [1.25232991e+18 0.00000000e+00 0.00000000e+00 0.00000000e+00
  2.00156016e+18 2.08922238e+19 5.97742175e+18 3.06278670e+18
  0.00000000e+00 0.00000000e+00 0.00000000e+00 1.12147061e+19]
 [1.28308698e+18 1.79213047e+18 0.00000000e+00 0.00000000e+00
  0.00000000e+00 2.76731551e+19 2.59135292e+19 5.33968329e+18
  0.00000000e+00 0.00000000e+00 0.00000000e+00 9.20246448e+18]
 [0.00000000e+00 4.42227579e+17 0.00000000e+00 0.00000000e+00
  0.00000000e+00 0.00000000e+00 8.73514470e+18 7.77308746e+18
  0.00000000e+00 0.00000000e+00 0.00000000e+00 4.50992137e+17]][[1.26352036e+19 2.98058619e+19 2.70806375e+19 1.48780739e+19
  1.73110469e+19 2.32528568e+19 2.54179711e+19 5.39845476e+18
  0.00000000e+00 6.81662509e+17 2.13249754e+18 1.43059905e+18]
 [0.00000000e+00 0.00000000e+00 0.00000000e+00 0.00000000e+00
  0.00000000e+00 0.00000000e+00 0.00000000e+00 0.00000000e+00
  0.00000000e+00 0.00000000e+00 0.00000000e+00 0.00000000e+00]
 [7.26969406e+18 2.15245461e+19 1.07012121e+18 0.00000000e+00
  0.00000000e+00 0.00000000e+00 0.00000000e+00 0.00000000e+00
  0.00000000e+00 0.00000000e+00 0.00000000e+00 2.34196594e+18]
 [2.61229798e+19 3.93214183e+19 5.07469541e+18 1.61939194e+18
  0.00000000e+00 0.00000000e+00 2.09791030e+18 0.00000000e+00
  0.00000000e+00 0.00000000e+00 0.00000000e+00 6.74184162e+18]
 [1.20038879e+19 3.81678031e+18 0.00000000e+00 0.00000000e+00
  0.00000000e+00 1.37239378e+19 6.84602970e+18 0.00000000e+00
  0.00000000e+00 0.00000000e+00 1.39328936e+19 3.29278248e+19]
 [0.00000000e+00 0.00000000e+00 0.00000000e+00 0.00000000e+00
  5.87713206e+18 1.70415546e+19 2.89823155e+18 1.18114044e+19
  2.54381763e+19 2.03016924e+19 2.43057425e+19 3.93282915e+19]
 [0.00000000e+00 0.00000000e+00 0.00000000e+00 0.00000000e+00
  0.00000000e+00 1.77314933e+19 1.76398991e+19 3.11896520e+19
  3.83404232e+19 0.00000000e+00 0.00000000e+00 2.16149377e+19]
 [0.00000000e+00 0.00000000e+00 0.00000000e+00 0.00000000e+00
  3.37307710e+18 1.54480907e+19 7.22245202e+18 0.00000000e+00
  0.00000000e+00 0.00000000e+00 0.00000000e+00 2.71203201e+19]
 [6.04158839e+16 0.00000000e+00 0.00000000e+00 0.00000000e+00
  3.15935429e+18 8.65540334e+17 0.00000000e+00 0.00000000e+00
  0.00000000e+00 0.00000000e+00 0.00000000e+00 2.29673677e+19]
 [2.01129612e+18 0.00000000e+00 0.00000000e+00 0.00000000e+00
  1.15125460e+19 1.76129764e+19 4.80959786e+18 0.00000000e+00
  0.00000000e+00 0.00000000e+00 0.00000000e+00 1.57875471e+19]
 [2.03358301e+18 0.00000000e+00 0.00000000e+00 0.00000000e+00
  1.66477083e+19 1.90879284e+19 1.79121967e+19 6.91945697e+18
  0.00000000e+00 0.00000000e+00 1.08059773e+19 1.45583862e+19]
 [9.46736792e+17 0.00000000e+00 0.00000000e+00 0.00000000e+00
  1.30872531e+19 5.15093942e+18 2.61352831e+18 0.00000000e+00
  0.00000000e+00 0.00000000e+00 1.41652345e+18 1.98271632e+18]][[0.00000000e+00 0.00000000e+00 8.66454714e+17 4.60240738e+18
  5.33532286e+18 1.33832623e+18 0.00000000e+00 0.00000000e+00
  0.00000000e+00 1.20936313e+18 2.10976516e+18 1.08030258e+19]
 [0.00000000e+00 0.00000000e+00 0.00000000e+00 0.00000000e+00
  0.00000000e+00 0.00000000e+00 0.00000000e+00 0.00000000e+00
  0.00000000e+00 0.00000000e+00 0.00000000e+00 0.00000000e+00]
 [0.00000000e+00 0.00000000e+00 0.00000000e+00 0.00000000e+00
  0.00000000e+00 0.00000000e+00 0.00000000e+00 0.00000000e+00
  0.00000000e+00 0.00000000e+00 1.66029175e+17 0.00000000e+00]
 [0.00000000e+00 0.00000000e+00 1.88026764e+19 0.00000000e+00
  0.00000000e+00 0.00000000e+00 9.29816877e+17 1.75657111e+17
  0.00000000e+00 7.42078490e+17 5.36969222e+18 9.19403493e+17]
 [0.00000000e+00 0.00000000e+00 0.00000000e+00 0.00000000e+00
  0.00000000e+00 0.00000000e+00 6.03939895e+18 3.52020574e+18
  2.36057623e+18 2.43130057e+18 4.36760943e+18 0.00000000e+00]
 [0.00000000e+00 0.00000000e+00 0.00000000e+00 2.95365220e+18
  5.64565414e+17 0.00000000e+00 1.38749675e+19 5.33201065e+18
  0.00000000e+00 0.00000000e+00 0.00000000e+00 0.00000000e+00]
 [0.00000000e+00 0.00000000e+00 0.00000000e+00 0.00000000e+00
  0.00000000e+00 0.00000000e+00 0.00000000e+00 0.00000000e+00
  0.00000000e+00 0.00000000e+00 0.00000000e+00 0.00000000e+00]
 [0.00000000e+00 0.00000000e+00 0.00000000e+00 0.00000000e+00
  0.00000000e+00 0.00000000e+00 0.00000000e+00 0.00000000e+00
  0.00000000e+00 0.00000000e+00 0.00000000e+00 0.00000000e+00]
 [3.59655068e+17 0.00000000e+00 0.00000000e+00 0.00000000e+00
  0.00000000e+00 0.00000000e+00 0.00000000e+00 0.00000000e+00
  0.00000000e+00 0.00000000e+00 0.00000000e+00 1.64335801e+18]
 [9.77885074e+17 0.00000000e+00 0.00000000e+00 4.84557216e+18
  0.00000000e+00 0.00000000e+00 0.00000000e+00 0.00000000e+00
  0.00000000e+00 0.00000000e+00 0.00000000e+00 6.12216658e+18]
 [0.00000000e+00 0.00000000e+00 1.00653448e+18 8.21384548e+18
  0.00000000e+00 5.21107171e+18 1.56950368e+19 6.64025135e+18
  0.00000000e+00 0.00000000e+00 0.00000000e+00 1.49288296e+19]
 [0.00000000e+00 0.00000000e+00 3.06540857e+18 0.00000000e+00
  0.00000000e+00 0.00000000e+00 0.00000000e+00 1.44435727e+19
  0.00000000e+00 0.00000000e+00 0.00000000e+00 1.17742446e+19]][[0.00000000e+00 0.00000000e+00 0.00000000e+00 0.00000000e+00
  0.00000000e+00 0.00000000e+00 0.00000000e+00 0.00000000e+00
  0.00000000e+00 0.00000000e+00 0.00000000e+00 0.00000000e+00]
 [0.00000000e+00 0.00000000e+00 0.00000000e+00 0.00000000e+00
  0.00000000e+00 0.00000000e+00 0.00000000e+00 0.00000000e+00
  0.00000000e+00 0.00000000e+00 0.00000000e+00 0.00000000e+00]
 [0.00000000e+00 0.00000000e+00 0.00000000e+00 0.00000000e+00
  0.00000000e+00 0.00000000e+00 0.00000000e+00 7.69050037e+17
  2.96911497e+18 1.14184332e+18 4.80762667e+15 0.00000000e+00]
 [0.00000000e+00 0.00000000e+00 0.00000000e+00 0.00000000e+00
  0.00000000e+00 0.00000000e+00 0.00000000e+00 5.99482741e+17
  1.10082046e+18 3.45206221e+18 1.16903512e+18 0.00000000e+00]
 [0.00000000e+00 0.00000000e+00 0.00000000e+00 0.00000000e+00
  0.00000000e+00 0.00000000e+00 0.00000000e+00 1.34911982e+18
  0.00000000e+00 0.00000000e+00 0.00000000e+00 0.00000000e+00]
 [0.00000000e+00 0.00000000e+00 0.00000000e+00 0.00000000e+00
  0.00000000e+00 0.00000000e+00 0.00000000e+00 0.00000000e+00
  0.00000000e+00 0.00000000e+00 0.00000000e+00 0.00000000e+00]
 [0.00000000e+00 0.00000000e+00 0.00000000e+00 0.00000000e+00
  0.00000000e+00 0.00000000e+00 0.00000000e+00 0.00000000e+00
  0.00000000e+00 0.00000000e+00 0.00000000e+00 0.00000000e+00]
 [0.00000000e+00 4.07246054e+18 0.00000000e+00 0.00000000e+00
  0.00000000e+00 0.00000000e+00 0.00000000e+00 0.00000000e+00
  0.00000000e+00 0.00000000e+00 0.00000000e+00 0.00000000e+00]
 [0.00000000e+00 9.14836523e+16 2.31642565e+18 1.09486691e+19
  4.67814954e+18 0.00000000e+00 0.00000000e+00 0.00000000e+00
  0.00000000e+00 0.00000000e+00 0.00000000e+00 0.00000000e+00]
 [0.00000000e+00 0.00000000e+00 2.86287023e+18 0.00000000e+00
  0.00000000e+00 0.00000000e+00 0.00000000e+00 0.00000000e+00
  0.00000000e+00 0.00000000e+00 0.00000000e+00 0.00000000e+00]
 [0.00000000e+00 0.00000000e+00 3.13534072e+18 0.00000000e+00
  0.00000000e+00 0.00000000e+00 0.00000000e+00 0.00000000e+00
  0.00000000e+00 0.00000000e+00 0.00000000e+00 0.00000000e+00]
 [0.00000000e+00 0.00000000e+00 0.00000000e+00 9.51728301e+18
  0.00000000e+00 0.00000000e+00 0.00000000e+00 0.00000000e+00
  0.00000000e+00 0.00000000e+00 0.00000000e+00 0.00000000e+00]][[0.00000000e+00 1.68744990e+18 1.22590274e+19 1.15112359e+19
  6.87702040e+18 0.00000000e+00 9.97853328e+16 1.07390004e+19
  1.18843043e+19 1.33749866e+19 1.34729339e+19 1.63909160e+19]
 [0.00000000e+00 0.00000000e+00 1.52587158e+19 1.36929774e+19
  4.27761538e+18 1.76966194e+18 1.24457002e+18 7.96846285e+18
  6.15295483e+18 8.68719570e+18 9.91510893e+18 1.24366238e+19]
 [0.00000000e+00 1.83454750e+17 1.25065702e+19 4.52687683e+18
  7.09540016e+18 1.36898031e+19 7.83652136e+18 3.04598717e+18
  0.00000000e+00 0.00000000e+00 1.55905388e+17 0.00000000e+00]
 [0.00000000e+00 2.45540133e+19 2.51677044e+19 0.00000000e+00
  1.01508312e+19 8.24156712e+18 0.00000000e+00 0.00000000e+00
  0.00000000e+00 0.00000000e+00 0.00000000e+00 0.00000000e+00]
 [0.00000000e+00 3.74103124e+19 4.26444925e+19 1.99741529e+18
  0.00000000e+00 0.00000000e+00 2.12885779e+18 4.54505806e+17
  0.00000000e+00 0.00000000e+00 0.00000000e+00 1.29876599e+18]
 [0.00000000e+00 1.58839437e+19 1.87195136e+19 0.00000000e+00
  0.00000000e+00 0.00000000e+00 8.02259381e+18 0.00000000e+00
  0.00000000e+00 0.00000000e+00 2.04386747e+18 1.91338650e+19]
 [0.00000000e+00 0.00000000e+00 0.00000000e+00 0.00000000e+00
  0.00000000e+00 0.00000000e+00 0.00000000e+00 0.00000000e+00
  1.21177364e+19 9.72430251e+18 0.00000000e+00 2.47507292e+19]
 [0.00000000e+00 0.00000000e+00 0.00000000e+00 0.00000000e+00
  0.00000000e+00 0.00000000e+00 0.00000000e+00 1.09317254e+18
  2.54462879e+19 2.61975502e+19 0.00000000e+00 7.97179898e+18]
 [0.00000000e+00 0.00000000e+00 0.00000000e+00 0.00000000e+00
  0.00000000e+00 0.00000000e+00 0.00000000e+00 1.35941184e+19
  9.96296007e+18 1.20053878e+19 0.00000000e+00 0.00000000e+00]
 [7.28954988e+16 0.00000000e+00 0.00000000e+00 0.00000000e+00
  0.00000000e+00 0.00000000e+00 0.00000000e+00 4.52415878e+18
  0.00000000e+00 0.00000000e+00 0.00000000e+00 0.00000000e+00]
 [0.00000000e+00 0.00000000e+00 0.00000000e+00 0.00000000e+00
  0.00000000e+00 6.52033729e+18 1.38821738e+19 5.99537871e+18
  0.00000000e+00 0.00000000e+00 0.00000000e+00 0.00000000e+00]
 [0.00000000e+00 0.00000000e+00 0.00000000e+00 0.00000000e+00
  0.00000000e+00 5.44276299e+18 1.63628441e+19 7.92852120e+18
  0.00000000e+00 0.00000000e+00 0.00000000e+00 4.42707691e+18]][[0.00000000e+00 0.00000000e+00 0.00000000e+00 0.00000000e+00
  0.00000000e+00 0.00000000e+00 0.00000000e+00 0.00000000e+00
  0.00000000e+00 0.00000000e+00 0.00000000e+00 0.00000000e+00]
 [0.00000000e+00 0.00000000e+00 0.00000000e+00 0.00000000e+00
  0.00000000e+00 0.00000000e+00 0.00000000e+00 0.00000000e+00
  0.00000000e+00 0.00000000e+00 0.00000000e+00 0.00000000e+00]
 [0.00000000e+00 0.00000000e+00 0.00000000e+00 0.00000000e+00
  0.00000000e+00 3.97419041e+17 0.00000000e+00 0.00000000e+00
  0.00000000e+00 1.12184241e+17 0.00000000e+00 0.00000000e+00]
 [0.00000000e+00 0.00000000e+00 0.00000000e+00 0.00000000e+00
  0.00000000e+00 0.00000000e+00 1.15404424e+18 0.00000000e+00
  0.00000000e+00 0.00000000e+00 0.00000000e+00 0.00000000e+00]
 [0.00000000e+00 0.00000000e+00 0.00000000e+00 0.00000000e+00
  0.00000000e+00 0.00000000e+00 1.97084743e+18 0.00000000e+00
  0.00000000e+00 0.00000000e+00 0.00000000e+00 0.00000000e+00]
 [0.00000000e+00 0.00000000e+00 0.00000000e+00 0.00000000e+00
  0.00000000e+00 0.00000000e+00 0.00000000e+00 0.00000000e+00
  0.00000000e+00 0.00000000e+00 0.00000000e+00 0.00000000e+00]
 [1.50994973e+18 0.00000000e+00 0.00000000e+00 0.00000000e+00
  0.00000000e+00 0.00000000e+00 0.00000000e+00 0.00000000e+00
  0.00000000e+00 0.00000000e+00 0.00000000e+00 0.00000000e+00]
 [0.00000000e+00 1.33159013e+18 3.18425274e+18 0.00000000e+00
  0.00000000e+00 0.00000000e+00 0.00000000e+00 0.00000000e+00
  0.00000000e+00 0.00000000e+00 0.00000000e+00 0.00000000e+00]
 [0.00000000e+00 0.00000000e+00 0.00000000e+00 0.00000000e+00
  2.28846028e+18 2.17738441e+18 0.00000000e+00 5.58300037e+18
  1.80889626e+17 0.00000000e+00 0.00000000e+00 0.00000000e+00]
 [0.00000000e+00 0.00000000e+00 0.00000000e+00 0.00000000e+00
  0.00000000e+00 0.00000000e+00 0.00000000e+00 0.00000000e+00
  0.00000000e+00 0.00000000e+00 1.17829675e+18 5.69582259e+18]
 [0.00000000e+00 0.00000000e+00 0.00000000e+00 0.00000000e+00
  0.00000000e+00 0.00000000e+00 0.00000000e+00 0.00000000e+00
  0.00000000e+00 0.00000000e+00 0.00000000e+00 2.63491510e+18]
 [3.62417002e+17 1.80913726e+18 0.00000000e+00 0.00000000e+00
  0.00000000e+00 0.00000000e+00 0.00000000e+00 2.34554781e+17
  0.00000000e+00 0.00000000e+00 0.00000000e+00 6.78454882e+17]][[0.00000000e+00 0.00000000e+00 0.00000000e+00 0.00000000e+00
  0.00000000e+00 0.00000000e+00 0.00000000e+00 0.00000000e+00
  0.00000000e+00 0.00000000e+00 0.00000000e+00 7.24196819e+18]
 [0.00000000e+00 0.00000000e+00 0.00000000e+00 8.97280474e+18
  4.78523280e+18 1.49494484e+19 1.87683974e+19 2.51624419e+19
  1.60679269e+19 1.17319551e+19 1.27852218e+19 1.39464914e+19]
 [0.00000000e+00 2.29009158e+19 1.43909406e+19 0.00000000e+00
  9.31594377e+18 1.65062223e+19 4.85896259e+18 0.00000000e+00
  0.00000000e+00 0.00000000e+00 0.00000000e+00 0.00000000e+00]
 [0.00000000e+00 1.11294968e+18 3.09470343e+19 0.00000000e+00
  0.00000000e+00 2.55486093e+18 0.00000000e+00 0.00000000e+00
  0.00000000e+00 0.00000000e+00 0.00000000e+00 0.00000000e+00]
 [0.00000000e+00 2.15593140e+18 3.52408476e+19 0.00000000e+00
  0.00000000e+00 0.00000000e+00 2.64419219e+18 0.00000000e+00
  0.00000000e+00 0.00000000e+00 0.00000000e+00 1.29421351e+19]
 [0.00000000e+00 0.00000000e+00 0.00000000e+00 0.00000000e+00
  0.00000000e+00 0.00000000e+00 0.00000000e+00 0.00000000e+00
  0.00000000e+00 0.00000000e+00 0.00000000e+00 0.00000000e+00]
 [0.00000000e+00 0.00000000e+00 0.00000000e+00 0.00000000e+00
  0.00000000e+00 0.00000000e+00 0.00000000e+00 0.00000000e+00
  0.00000000e+00 0.00000000e+00 0.00000000e+00 0.00000000e+00]
 [1.75572348e+18 0.00000000e+00 0.00000000e+00 0.00000000e+00
  0.00000000e+00 0.00000000e+00 0.00000000e+00 0.00000000e+00
  1.19489631e+19 1.60550453e+19 0.00000000e+00 0.00000000e+00]
 [0.00000000e+00 0.00000000e+00 0.00000000e+00 0.00000000e+00
  0.00000000e+00 0.00000000e+00 0.00000000e+00 2.44049366e+19
  2.95455864e+19 2.62495386e+16 0.00000000e+00 0.00000000e+00]
 [0.00000000e+00 0.00000000e+00 0.00000000e+00 0.00000000e+00
  0.00000000e+00 6.30350670e+18 7.02766975e+18 4.60760644e+18
  1.90905256e+18 0.00000000e+00 0.00000000e+00 0.00000000e+00]
 [0.00000000e+00 0.00000000e+00 0.00000000e+00 0.00000000e+00
  0.00000000e+00 0.00000000e+00 1.23866145e+19 4.43452648e+18
  0.00000000e+00 0.00000000e+00 0.00000000e+00 0.00000000e+00]
 [0.00000000e+00 1.58494476e+18 3.96939569e+17 0.00000000e+00
  0.00000000e+00 0.00000000e+00 4.59098072e+18 6.33986549e+18
  0.00000000e+00 0.00000000e+00 0.00000000e+00 2.57375403e+18]][[0.00000000e+00 0.00000000e+00 0.00000000e+00 0.00000000e+00
  0.00000000e+00 0.00000000e+00 1.13644333e+19 2.40486782e+19
  2.32158836e+19 1.48044828e+19 3.41503950e+18 3.84641392e+18]
 [0.00000000e+00 5.29235344e+18 4.15864090e+18 0.00000000e+00
  0.00000000e+00 0.00000000e+00 0.00000000e+00 0.00000000e+00
  0.00000000e+00 0.00000000e+00 0.00000000e+00 0.00000000e+00]
 [0.00000000e+00 0.00000000e+00 0.00000000e+00 0.00000000e+00
  0.00000000e+00 0.00000000e+00 0.00000000e+00 0.00000000e+00
  0.00000000e+00 0.00000000e+00 0.00000000e+00 1.61132089e+16]
 [0.00000000e+00 0.00000000e+00 0.00000000e+00 0.00000000e+00
  0.00000000e+00 0.00000000e+00 0.00000000e+00 0.00000000e+00
  0.00000000e+00 0.00000000e+00 0.00000000e+00 0.00000000e+00]
 [0.00000000e+00 0.00000000e+00 0.00000000e+00 0.00000000e+00
  0.00000000e+00 0.00000000e+00 0.00000000e+00 0.00000000e+00
  0.00000000e+00 0.00000000e+00 0.00000000e+00 0.00000000e+00]
 [0.00000000e+00 0.00000000e+00 0.00000000e+00 0.00000000e+00
  0.00000000e+00 0.00000000e+00 0.00000000e+00 0.00000000e+00
  0.00000000e+00 0.00000000e+00 0.00000000e+00 0.00000000e+00]
 [0.00000000e+00 0.00000000e+00 0.00000000e+00 0.00000000e+00
  0.00000000e+00 0.00000000e+00 0.00000000e+00 0.00000000e+00
  0.00000000e+00 0.00000000e+00 0.00000000e+00 0.00000000e+00]
 [0.00000000e+00 0.00000000e+00 0.00000000e+00 0.00000000e+00
  0.00000000e+00 7.05155937e+18 1.25300990e+19 0.00000000e+00
  0.00000000e+00 0.00000000e+00 0.00000000e+00 0.00000000e+00]
 [0.00000000e+00 0.00000000e+00 0.00000000e+00 2.09201931e+18
  0.00000000e+00 0.00000000e+00 0.00000000e+00 0.00000000e+00
  0.00000000e+00 0.00000000e+00 0.00000000e+00 0.00000000e+00]
 [0.00000000e+00 0.00000000e+00 0.00000000e+00 0.00000000e+00
  0.00000000e+00 0.00000000e+00 0.00000000e+00 0.00000000e+00
  0.00000000e+00 0.00000000e+00 0.00000000e+00 0.00000000e+00]
 [0.00000000e+00 0.00000000e+00 0.00000000e+00 0.00000000e+00
  2.87489453e+17 0.00000000e+00 0.00000000e+00 0.00000000e+00
  0.00000000e+00 0.00000000e+00 0.00000000e+00 0.00000000e+00]
 [0.00000000e+00 0.00000000e+00 0.00000000e+00 0.00000000e+00
  0.00000000e+00 5.22792822e+18 4.55581062e+18 0.00000000e+00
  0.00000000e+00 0.00000000e+00 0.00000000e+00 0.00000000e+00]][[9.67314488e+18 3.65813626e+19 5.47360056e+19 3.76889221e+19
  3.03644903e+19 3.47451692e+19 5.32023152e+19 7.13164827e+19
  6.00986129e+19 5.00469270e+19 3.57242135e+19 1.27713693e+19]
 [2.57168948e+19 5.95582444e+19 7.49218688e+19 6.26026079e+19
  5.20026057e+19 4.84061810e+19 5.67267524e+19 6.01218783e+19
  4.51781190e+19 3.86891228e+19 2.97731036e+19 1.05797787e+19]
 [0.00000000e+00 2.76354896e+19 2.34871592e+19 2.95679187e+19
  3.26152908e+19 1.05145597e+19 2.96124715e+18 0.00000000e+00
  0.00000000e+00 0.00000000e+00 0.00000000e+00 0.00000000e+00]
 [4.74532129e+18 4.29786915e+19 1.44453993e+19 1.00323818e+19
  9.35373186e+18 0.00000000e+00 0.00000000e+00 0.00000000e+00
  0.00000000e+00 0.00000000e+00 0.00000000e+00 0.00000000e+00]
 [3.58869446e+19 7.81956289e+19 3.07831131e+19 0.00000000e+00
  0.00000000e+00 0.00000000e+00 1.53388938e+17 0.00000000e+00
  0.00000000e+00 0.00000000e+00 0.00000000e+00 0.00000000e+00]
 [1.72360829e+19 4.33402882e+19 4.68970189e+18 0.00000000e+00
  0.00000000e+00 0.00000000e+00 7.88748336e+18 0.00000000e+00
  0.00000000e+00 0.00000000e+00 1.12584267e+19 1.04682302e+19]
 [0.00000000e+00 1.16085455e+19 0.00000000e+00 0.00000000e+00
  0.00000000e+00 6.03354218e+18 4.82792792e+19 3.10960531e+19
  4.54258544e+19 3.36594943e+19 2.00946617e+19 1.73003931e+19]
 [0.00000000e+00 1.08493432e+19 0.00000000e+00 0.00000000e+00
  0.00000000e+00 3.31684119e+19 9.33892592e+19 8.80355218e+19
  8.63894190e+19 3.70424704e+19 0.00000000e+00 0.00000000e+00]
 [0.00000000e+00 8.62851227e+18 0.00000000e+00 0.00000000e+00
  0.00000000e+00 2.10108983e+19 6.82857252e+19 5.82875708e+19
  5.05468058e+19 6.35408093e+18 0.00000000e+00 0.00000000e+00]
 [0.00000000e+00 3.58559583e+18 0.00000000e+00 0.00000000e+00
  0.00000000e+00 0.00000000e+00 4.95596885e+18 1.08760777e+19
  1.20850457e+19 0.00000000e+00 0.00000000e+00 0.00000000e+00]
 [0.00000000e+00 1.12398742e+17 0.00000000e+00 0.00000000e+00
  0.00000000e+00 1.61998295e+18 0.00000000e+00 7.67413519e+17
  1.57727107e+18 0.00000000e+00 0.00000000e+00 0.00000000e+00]
 [0.00000000e+00 0.00000000e+00 0.00000000e+00 0.00000000e+00
  6.93584159e+18 2.73848477e+19 1.32757413e+19 7.55559018e+18
  1.77200313e+18 0.00000000e+00 0.00000000e+00 0.00000000e+00]][[0.00000000e+00 0.00000000e+00 0.00000000e+00 0.00000000e+00
  0.00000000e+00 0.00000000e+00 0.00000000e+00 0.00000000e+00
  0.00000000e+00 0.00000000e+00 0.00000000e+00 6.35744049e+17]
 [0.00000000e+00 0.00000000e+00 0.00000000e+00 0.00000000e+00
  0.00000000e+00 0.00000000e+00 0.00000000e+00 5.64660870e+18
  0.00000000e+00 9.96141948e+17 3.78507909e+18 8.89419034e+18]
 [0.00000000e+00 0.00000000e+00 0.00000000e+00 2.20202097e+18
  0.00000000e+00 0.00000000e+00 6.80105213e+18 9.43266155e+16
  0.00000000e+00 0.00000000e+00 0.00000000e+00 0.00000000e+00]
 [0.00000000e+00 0.00000000e+00 0.00000000e+00 0.00000000e+00
  0.00000000e+00 0.00000000e+00 0.00000000e+00 0.00000000e+00
  0.00000000e+00 0.00000000e+00 0.00000000e+00 0.00000000e+00]
 [0.00000000e+00 0.00000000e+00 1.93633501e+19 0.00000000e+00
  0.00000000e+00 0.00000000e+00 2.26907051e+17 0.00000000e+00
  0.00000000e+00 0.00000000e+00 0.00000000e+00 0.00000000e+00]
 [0.00000000e+00 1.13165039e+19 1.41877794e+19 0.00000000e+00
  0.00000000e+00 0.00000000e+00 8.03839475e+18 0.00000000e+00
  0.00000000e+00 0.00000000e+00 0.00000000e+00 0.00000000e+00]
 [0.00000000e+00 3.69980884e+18 0.00000000e+00 0.00000000e+00
  0.00000000e+00 0.00000000e+00 9.66567885e+17 0.00000000e+00
  0.00000000e+00 0.00000000e+00 0.00000000e+00 0.00000000e+00]
 [0.00000000e+00 0.00000000e+00 0.00000000e+00 0.00000000e+00
  0.00000000e+00 0.00000000e+00 0.00000000e+00 0.00000000e+00
  0.00000000e+00 8.42309051e+18 0.00000000e+00 0.00000000e+00]
 [0.00000000e+00 0.00000000e+00 0.00000000e+00 0.00000000e+00
  0.00000000e+00 4.95535950e+18 0.00000000e+00 0.00000000e+00
  3.63803335e+18 0.00000000e+00 0.00000000e+00 9.41621848e+17]
 [0.00000000e+00 0.00000000e+00 0.00000000e+00 0.00000000e+00
  0.00000000e+00 2.65343089e+18 0.00000000e+00 0.00000000e+00
  0.00000000e+00 0.00000000e+00 0.00000000e+00 1.02045778e+19]
 [0.00000000e+00 0.00000000e+00 0.00000000e+00 0.00000000e+00
  0.00000000e+00 0.00000000e+00 0.00000000e+00 0.00000000e+00
  0.00000000e+00 0.00000000e+00 0.00000000e+00 1.69529346e+19]
 [0.00000000e+00 3.60924628e+18 0.00000000e+00 0.00000000e+00
  0.00000000e+00 1.06854353e+19 1.26335317e+19 8.95435328e+18
  0.00000000e+00 0.00000000e+00 5.80114932e+18 1.94675557e+19]][[0.00000000e+00 0.00000000e+00 0.00000000e+00 0.00000000e+00
  0.00000000e+00 0.00000000e+00 0.00000000e+00 0.00000000e+00
  0.00000000e+00 0.00000000e+00 0.00000000e+00 0.00000000e+00]
 [0.00000000e+00 0.00000000e+00 0.00000000e+00 0.00000000e+00
  0.00000000e+00 0.00000000e+00 0.00000000e+00 0.00000000e+00
  4.26032941e+18 0.00000000e+00 0.00000000e+00 7.64967007e+18]
 [2.57497187e+19 2.16299585e+18 0.00000000e+00 8.32928651e+17
  0.00000000e+00 0.00000000e+00 0.00000000e+00 4.71597721e+18
  9.75586324e+18 5.76663949e+18 3.26173676e+18 9.53953044e+18]
 [0.00000000e+00 0.00000000e+00 0.00000000e+00 0.00000000e+00
  0.00000000e+00 1.01727666e+19 0.00000000e+00 1.34551091e+18
  3.76611874e+18 7.81323305e+18 9.87296531e+18 9.93150179e+18]
 [0.00000000e+00 0.00000000e+00 0.00000000e+00 5.13182890e+18
  1.93305587e+19 1.18697844e+19 0.00000000e+00 4.12001529e+16
  1.89750492e+19 2.07395159e+19 1.36513567e+19 5.49214618e+18]
 [0.00000000e+00 0.00000000e+00 2.21395308e+18 1.17840176e+19
  1.03311491e+19 0.00000000e+00 0.00000000e+00 2.52282515e+19
  2.66265959e+19 2.51342203e+17 0.00000000e+00 0.00000000e+00]
 [0.00000000e+00 1.96556768e+19 2.11839037e+18 0.00000000e+00
  1.18467098e+19 0.00000000e+00 0.00000000e+00 0.00000000e+00
  0.00000000e+00 0.00000000e+00 0.00000000e+00 0.00000000e+00]
 [0.00000000e+00 1.24037479e+19 5.59722549e+18 8.64809365e+18
  2.55705317e+19 0.00000000e+00 0.00000000e+00 0.00000000e+00
  0.00000000e+00 0.00000000e+00 3.81873989e+19 1.12048834e+18]
 [1.45327186e+18 5.81347368e+18 1.36868404e+19 1.65813611e+19
  1.23665746e+19 2.41038632e+18 0.00000000e+00 0.00000000e+00
  0.00000000e+00 1.31991599e+19 3.00114401e+19 0.00000000e+00]
 [3.35897378e+18 2.52861503e+18 1.05963027e+19 1.87278407e+19
  1.64161223e+19 9.76552836e+18 0.00000000e+00 0.00000000e+00
  7.35305031e+18 9.17572110e+18 3.18456908e+19 0.00000000e+00]
 [2.60575216e+18 1.71230511e+18 8.68933977e+18 2.27131212e+19
  3.12397734e+18 0.00000000e+00 0.00000000e+00 0.00000000e+00
  3.93719612e+18 1.58949097e+19 1.23390041e+19 0.00000000e+00]
 [0.00000000e+00 0.00000000e+00 5.53573675e+18 2.02435864e+19
  0.00000000e+00 0.00000000e+00 0.00000000e+00 0.00000000e+00
  1.52992632e+18 0.00000000e+00 0.00000000e+00 0.00000000e+00]][[2.98467278e+19 2.79731834e+19 1.98486424e+19 2.44813808e+19
  1.73692699e+19 7.08355535e+18 1.86180591e+17 9.13804442e+17
  4.70836954e+18 3.42117217e+18 2.05572040e+18 0.00000000e+00]
 [0.00000000e+00 0.00000000e+00 0.00000000e+00 0.00000000e+00
  0.00000000e+00 0.00000000e+00 0.00000000e+00 0.00000000e+00
  0.00000000e+00 0.00000000e+00 0.00000000e+00 0.00000000e+00]
 [1.95229060e+19 0.00000000e+00 4.48680505e+18 0.00000000e+00
  0.00000000e+00 0.00000000e+00 0.00000000e+00 0.00000000e+00
  0.00000000e+00 0.00000000e+00 0.00000000e+00 0.00000000e+00]
 [3.93426604e+19 8.90452335e+18 0.00000000e+00 0.00000000e+00
  0.00000000e+00 0.00000000e+00 0.00000000e+00 1.05987260e+18
  5.83269099e+16 0.00000000e+00 9.23946071e+17 0.00000000e+00]
 [0.00000000e+00 0.00000000e+00 0.00000000e+00 0.00000000e+00
  9.86394127e+18 0.00000000e+00 0.00000000e+00 8.44468651e+18
  1.46811398e+19 2.38362916e+19 3.31441533e+19 1.00638913e+18]
 [0.00000000e+00 0.00000000e+00 3.51490882e+18 9.89739306e+18
  1.46962572e+19 1.12069005e+19 3.31909267e+19 4.62656735e+19
  2.49937358e+19 2.04663152e+19 1.66331872e+19 0.00000000e+00]
 [0.00000000e+00 0.00000000e+00 1.02676047e+18 1.14970740e+19
  1.06891093e+19 2.94268388e+19 4.79034008e+19 5.19608806e+19
  4.11989748e+18 0.00000000e+00 0.00000000e+00 0.00000000e+00]
 [0.00000000e+00 0.00000000e+00 0.00000000e+00 5.33377573e+18
  0.00000000e+00 0.00000000e+00 0.00000000e+00 0.00000000e+00
  0.00000000e+00 0.00000000e+00 0.00000000e+00 0.00000000e+00]
 [0.00000000e+00 0.00000000e+00 0.00000000e+00 2.03334757e+18
  0.00000000e+00 0.00000000e+00 0.00000000e+00 0.00000000e+00
  0.00000000e+00 1.05590642e+19 0.00000000e+00 0.00000000e+00]
 [0.00000000e+00 0.00000000e+00 2.72307567e+17 2.13821169e+19
  5.61682499e+18 0.00000000e+00 0.00000000e+00 0.00000000e+00
  0.00000000e+00 1.67890161e+19 0.00000000e+00 0.00000000e+00]
 [0.00000000e+00 0.00000000e+00 1.87826646e+18 2.15576956e+19
  7.25688469e+18 9.69664992e+18 0.00000000e+00 0.00000000e+00
  7.36046090e+18 1.77727772e+19 0.00000000e+00 0.00000000e+00]
 [6.08524599e+17 0.00000000e+00 5.13341860e+18 0.00000000e+00
  0.00000000e+00 0.00000000e+00 0.00000000e+00 0.00000000e+00
  1.11759699e+18 5.44984279e+18 0.00000000e+00 0.00000000e+00]][[0.00000000e+00 0.00000000e+00 0.00000000e+00 0.00000000e+00
  0.00000000e+00 0.00000000e+00 0.00000000e+00 0.00000000e+00
  0.00000000e+00 0.00000000e+00 0.00000000e+00 0.00000000e+00]
 [0.00000000e+00 0.00000000e+00 0.00000000e+00 0.00000000e+00
  0.00000000e+00 0.00000000e+00 0.00000000e+00 0.00000000e+00
  0.00000000e+00 0.00000000e+00 0.00000000e+00 0.00000000e+00]
 [0.00000000e+00 0.00000000e+00 0.00000000e+00 0.00000000e+00
  0.00000000e+00 0.00000000e+00 0.00000000e+00 0.00000000e+00
  3.46983949e+18 1.75432002e+18 0.00000000e+00 7.86985420e+17]
 [0.00000000e+00 0.00000000e+00 0.00000000e+00 0.00000000e+00
  0.00000000e+00 0.00000000e+00 5.81289717e+18 2.07579031e+18
  1.96909173e+18 4.97868233e+18 0.00000000e+00 5.18185970e+18]
 [0.00000000e+00 0.00000000e+00 0.00000000e+00 0.00000000e+00
  0.00000000e+00 3.22292313e+18 8.00824529e+18 0.00000000e+00
  0.00000000e+00 0.00000000e+00 0.00000000e+00 2.10676328e+19]
 [0.00000000e+00 0.00000000e+00 0.00000000e+00 0.00000000e+00
  0.00000000e+00 0.00000000e+00 0.00000000e+00 0.00000000e+00
  0.00000000e+00 0.00000000e+00 0.00000000e+00 0.00000000e+00]
 [0.00000000e+00 0.00000000e+00 0.00000000e+00 0.00000000e+00
  0.00000000e+00 0.00000000e+00 0.00000000e+00 0.00000000e+00
  0.00000000e+00 0.00000000e+00 0.00000000e+00 0.00000000e+00]
 [0.00000000e+00 4.79714779e+16 0.00000000e+00 0.00000000e+00
  0.00000000e+00 0.00000000e+00 0.00000000e+00 0.00000000e+00
  0.00000000e+00 0.00000000e+00 0.00000000e+00 0.00000000e+00]
 [1.04214916e+18 4.83560687e+18 3.41437510e+18 0.00000000e+00
  0.00000000e+00 0.00000000e+00 0.00000000e+00 0.00000000e+00
  0.00000000e+00 0.00000000e+00 0.00000000e+00 1.26747996e+19]
 [1.45329486e+18 4.79985753e+18 1.29099288e+18 0.00000000e+00
  4.27586852e+18 1.78645394e+19 6.03766371e+18 0.00000000e+00
  0.00000000e+00 0.00000000e+00 5.49006241e+18 1.69462703e+19]
 [1.03453729e+18 3.06631542e+18 2.49320144e+16 0.00000000e+00
  0.00000000e+00 2.02850560e+18 1.06711605e+19 6.36682428e+18
  0.00000000e+00 0.00000000e+00 8.32696891e+18 1.64458484e+19]
 [0.00000000e+00 0.00000000e+00 0.00000000e+00 0.00000000e+00
  0.00000000e+00 0.00000000e+00 0.00000000e+00 0.00000000e+00
  0.00000000e+00 0.00000000e+00 0.00000000e+00 0.00000000e+00]][[0.00000000e+00 0.00000000e+00 0.00000000e+00 0.00000000e+00
  0.00000000e+00 0.00000000e+00 0.00000000e+00 0.00000000e+00
  0.00000000e+00 0.00000000e+00 0.00000000e+00 0.00000000e+00]
 [0.00000000e+00 0.00000000e+00 0.00000000e+00 0.00000000e+00
  0.00000000e+00 0.00000000e+00 0.00000000e+00 0.00000000e+00
  0.00000000e+00 0.00000000e+00 0.00000000e+00 0.00000000e+00]
 [0.00000000e+00 0.00000000e+00 0.00000000e+00 0.00000000e+00
  0.00000000e+00 0.00000000e+00 0.00000000e+00 8.70932030e+17
  1.66543704e+18 0.00000000e+00 4.37399916e+18 0.00000000e+00]
 [0.00000000e+00 0.00000000e+00 0.00000000e+00 0.00000000e+00
  0.00000000e+00 0.00000000e+00 0.00000000e+00 4.97779880e+17
  2.28953046e+18 1.62809503e+18 7.47378700e+18 0.00000000e+00]
 [0.00000000e+00 0.00000000e+00 0.00000000e+00 1.46608036e+17
  1.98176226e+18 0.00000000e+00 0.00000000e+00 7.85759786e+18
  0.00000000e+00 0.00000000e+00 6.40999030e+18 5.13451508e+18]
 [0.00000000e+00 0.00000000e+00 0.00000000e+00 2.75591555e+18
  0.00000000e+00 0.00000000e+00 0.00000000e+00 1.02940107e+19
  1.36220341e+18 0.00000000e+00 0.00000000e+00 0.00000000e+00]
 [0.00000000e+00 0.00000000e+00 0.00000000e+00 3.62635072e+18
  0.00000000e+00 0.00000000e+00 0.00000000e+00 0.00000000e+00
  0.00000000e+00 0.00000000e+00 0.00000000e+00 0.00000000e+00]
 [0.00000000e+00 0.00000000e+00 0.00000000e+00 1.12166079e+18
  0.00000000e+00 0.00000000e+00 0.00000000e+00 0.00000000e+00
  0.00000000e+00 0.00000000e+00 0.00000000e+00 0.00000000e+00]
 [0.00000000e+00 0.00000000e+00 0.00000000e+00 1.10675778e+19
  0.00000000e+00 0.00000000e+00 0.00000000e+00 0.00000000e+00
  0.00000000e+00 1.02101138e+18 0.00000000e+00 0.00000000e+00]
 [2.42462599e+18 0.00000000e+00 0.00000000e+00 1.47365239e+19
  1.31798702e+19 0.00000000e+00 0.00000000e+00 0.00000000e+00
  0.00000000e+00 3.14121006e+18 5.03408398e+16 0.00000000e+00]
 [4.94975601e+18 0.00000000e+00 6.21477316e+18 0.00000000e+00
  0.00000000e+00 0.00000000e+00 0.00000000e+00 0.00000000e+00
  0.00000000e+00 2.53611023e+17 4.94396566e+17 0.00000000e+00]
 [1.83408057e+18 0.00000000e+00 0.00000000e+00 0.00000000e+00
  0.00000000e+00 0.00000000e+00 0.00000000e+00 0.00000000e+00
  0.00000000e+00 0.00000000e+00 0.00000000e+00 0.00000000e+00]][[0.00000000e+00 0.00000000e+00 0.00000000e+00 0.00000000e+00
  0.00000000e+00 0.00000000e+00 0.00000000e+00 0.00000000e+00
  0.00000000e+00 0.00000000e+00 0.00000000e+00 0.00000000e+00]
 [4.34745270e+19 2.20312980e+19 1.63650416e+19 2.78887717e+19
  2.86450916e+19 4.54928037e+19 6.07565505e+19 6.11809295e+19
  4.76423513e+19 2.59306401e+19 9.94649178e+18 0.00000000e+00]
 [6.94046717e+19 6.31620275e+19 3.25078989e+19 9.63763854e+18
  2.53722603e+19 2.11417335e+19 3.36097017e+18 1.18157199e+18
  3.55998830e+18 3.21880509e+18 2.32538918e+18 0.00000000e+00]
 [0.00000000e+00 0.00000000e+00 8.86343159e+18 9.73766191e+18
  0.00000000e+00 0.00000000e+00 0.00000000e+00 6.91440368e+17
  0.00000000e+00 0.00000000e+00 1.61087558e+18 0.00000000e+00]
 [4.95994745e+19 0.00000000e+00 0.00000000e+00 1.36597277e+19
  4.60780724e+18 0.00000000e+00 0.00000000e+00 3.40876083e+18
  2.30513135e+17 0.00000000e+00 3.32231212e+18 0.00000000e+00]
 [7.06124151e+19 2.14241547e+19 0.00000000e+00 0.00000000e+00
  2.41672487e+18 0.00000000e+00 5.77635988e+18 1.69876036e+19
  0.00000000e+00 0.00000000e+00 0.00000000e+00 0.00000000e+00]
 [3.02599304e+19 1.41797621e+19 0.00000000e+00 0.00000000e+00
  1.66698128e+19 3.47575206e+18 0.00000000e+00 0.00000000e+00
  0.00000000e+00 3.09503023e+19 2.33647783e+19 0.00000000e+00]
 [5.60001706e+18 1.49716396e+19 1.56350477e+19 1.48048910e+19
  8.38706855e+18 7.10092632e+18 3.00238594e+19 4.26009223e+19
  1.39687003e+19 3.89082064e+19 4.76948665e+19 0.00000000e+00]
 [1.84550727e+18 2.60613059e+18 4.75961744e+18 2.48372824e+19
  3.72345167e+19 6.45338240e+19 7.42396273e+19 6.52407852e+19
  3.94898626e+19 2.03509836e+19 1.44969081e+19 0.00000000e+00]
 [9.90307892e+17 0.00000000e+00 0.00000000e+00 1.73317265e+19
  1.37209724e+19 2.60008327e+19 2.64021373e+19 5.39772573e+18
  0.00000000e+00 2.08918076e+19 1.46565225e+19 4.92439022e+18]
 [1.17532140e+18 0.00000000e+00 1.46404123e+18 7.69437940e+18
  0.00000000e+00 0.00000000e+00 0.00000000e+00 0.00000000e+00
  1.73194244e+17 1.20793795e+19 0.00000000e+00 2.41604331e+17]
 [3.83194188e+18 1.71751043e+17 9.78032177e+18 3.16366425e+19
  2.43059592e+19 0.00000000e+00 0.00000000e+00 0.00000000e+00
  7.45952006e+18 1.62193742e+19 6.28204160e+18 3.65353022e+18]][[8.64604920e+18 2.85411230e+19 1.99134241e+19 1.57435287e+19
  1.35205680e+19 0.00000000e+00 6.06528643e+18 1.30008453e+19
  1.69330796e+19 1.46791062e+19 1.26981485e+19 1.17579553e+19]
 [1.15304184e+19 5.53641000e+19 7.13629563e+19 4.77157100e+19
  3.97624671e+19 4.46861350e+19 6.36506987e+19 6.43710202e+19
  5.32276470e+19 4.67991093e+19 4.00113377e+19 1.81264072e+19]
 [4.41426693e+19 4.69488401e+19 4.17101391e+19 3.29264193e+19
  3.36266546e+19 2.63470029e+19 1.84068369e+19 4.59765655e+18
  0.00000000e+00 4.53642373e+18 5.36382201e+18 0.00000000e+00]
 [1.63824534e+19 3.76377327e+19 5.74010323e+18 1.48760852e+19
  1.87893683e+19 3.81770520e+18 3.21679168e+18 1.29780730e+18
  0.00000000e+00 0.00000000e+00 0.00000000e+00 0.00000000e+00]
 [3.54022266e+19 8.42957376e+19 3.47116697e+19 1.37900570e+19
  1.02570573e+19 4.01337366e+18 3.66563627e+18 1.65230394e+18
  2.19894825e+18 1.08247385e+19 1.14936898e+19 0.00000000e+00]
 [4.09683401e+19 5.93670281e+19 3.60335543e+19 1.84585060e+18
  0.00000000e+00 2.28012282e+19 2.66912682e+19 1.25803083e+19
  0.00000000e+00 0.00000000e+00 1.11525700e+19 2.66645819e+19]
 [1.44157264e+19 9.47811976e+18 8.62281071e+18 8.45574961e+18
  5.40108176e+18 3.27774906e+19 2.58787203e+19 1.53411918e+19
  1.93336068e+19 1.62042103e+19 3.71404465e+19 7.01200435e+19]
 [3.61759162e+18 0.00000000e+00 8.30785499e+18 1.22723472e+19
  0.00000000e+00 2.13029081e+19 4.73170071e+19 5.28493420e+19
  7.15651509e+19 4.83725933e+19 3.12040248e+19 5.84349384e+19]
 [0.00000000e+00 1.56340277e+17 2.97888297e+18 5.10982007e+17
  7.21149856e+18 3.67607807e+19 5.92078016e+19 6.80281834e+19
  4.83065780e+19 2.44299624e+19 9.64315560e+17 3.42076633e+19]
 [0.00000000e+00 9.03912026e+17 0.00000000e+00 4.25816636e+18
  1.19104078e+19 1.25271448e+19 1.51213176e+19 1.73582618e+19
  3.82029512e+18 2.82900435e+18 4.31327497e+18 2.62214236e+19]
 [1.37676226e+16 5.78231038e+17 0.00000000e+00 0.00000000e+00
  3.68000179e+18 2.19073520e+19 5.20482627e+18 5.02753347e+17
  0.00000000e+00 0.00000000e+00 2.41859344e+18 1.45792917e+19]
 [4.12994588e+18 3.02361487e+18 0.00000000e+00 0.00000000e+00
  1.43750409e+19 3.00553947e+19 2.23042293e+19 3.82418092e+18
  0.00000000e+00 3.35758824e+17 1.19128710e+19 1.65731710e+19]][[0.00000000e+00 0.00000000e+00 0.00000000e+00 0.00000000e+00
  0.00000000e+00 0.00000000e+00 0.00000000e+00 0.00000000e+00
  1.96733812e+18 6.48627660e+17 0.00000000e+00 1.55599515e+18]
 [2.06359804e+19 1.50384266e+19 8.87358693e+18 9.26612238e+18
  8.10073206e+18 1.25133423e+19 6.54620474e+18 1.02759440e+19
  1.86116488e+19 1.80070542e+19 1.59530118e+19 1.17881995e+19]
 [0.00000000e+00 0.00000000e+00 0.00000000e+00 1.16449620e+19
  8.06953191e+17 8.73732669e+18 4.89490233e+18 2.77085969e+18
  5.51466383e+18 4.12111887e+18 2.86849360e+18 9.59133653e+18]
 [1.12942901e+19 0.00000000e+00 0.00000000e+00 2.65556445e+16
  7.11921602e+18 1.13036662e+19 0.00000000e+00 2.32082077e+18
  6.53823716e+18 2.52898838e+18 6.01051690e+18 1.18693798e+19]
 [2.52760087e+19 1.27015980e+19 2.99000025e+18 0.00000000e+00
  1.88824676e+19 1.08707263e+19 0.00000000e+00 7.78860196e+17
  1.51801175e+19 7.42741765e+18 0.00000000e+00 0.00000000e+00]
 [1.75818584e+19 1.55952442e+19 8.46399500e+18 2.73461986e+18
  1.61089652e+19 0.00000000e+00 0.00000000e+00 0.00000000e+00
  1.11534280e+18 9.08698239e+18 2.64919733e+18 0.00000000e+00]
 [9.29094554e+18 1.20908103e+19 6.36102711e+18 5.26586900e+18
  1.57641992e+19 0.00000000e+00 0.00000000e+00 0.00000000e+00
  0.00000000e+00 2.23652962e+18 2.61752348e+19 1.96525102e+19]
 [1.05364161e+19 7.88570146e+18 3.53892293e+18 1.99129726e+19
  3.94001606e+19 1.87272556e+19 5.95202947e+18 1.77067856e+19
  2.43832999e+19 2.62392774e+19 3.75922768e+19 1.77161692e+19]
 [8.20862859e+18 9.01933687e+18 1.61550326e+19 1.97871796e+19
  3.02068730e+19 1.13478226e+19 5.15119304e+18 1.41680608e+19
  2.18921586e+19 4.24716069e+19 4.39763754e+19 4.11986310e+18]
 [5.28925938e+18 1.05672434e+19 1.70015254e+19 2.18559603e+19
  9.56662276e+18 0.00000000e+00 0.00000000e+00 8.34616643e+18
  1.52303513e+19 3.47022291e+19 3.67103528e+19 0.00000000e+00]
 [4.95087046e+18 7.85897598e+18 1.82276920e+19 3.25602327e+19
  1.25890287e+19 0.00000000e+00 0.00000000e+00 0.00000000e+00
  1.48311928e+19 3.24424933e+19 1.98112334e+19 0.00000000e+00]
 [3.72304535e+18 2.85638870e+18 2.07339292e+19 2.61645631e+19
  1.18424000e+19 1.19080937e+19 2.57651629e+18 0.00000000e+00
  1.22757909e+19 2.29653583e+19 1.12021587e+19 0.00000000e+00]][[0.00000000e+00 0.00000000e+00 0.00000000e+00 0.00000000e+00
  0.00000000e+00 0.00000000e+00 0.00000000e+00 0.00000000e+00
  0.00000000e+00 0.00000000e+00 0.00000000e+00 0.00000000e+00]
 [0.00000000e+00 0.00000000e+00 0.00000000e+00 0.00000000e+00
  0.00000000e+00 0.00000000e+00 0.00000000e+00 0.00000000e+00
  0.00000000e+00 0.00000000e+00 6.69954304e+17 0.00000000e+00]
 [6.54177958e+18 0.00000000e+00 0.00000000e+00 0.00000000e+00
  0.00000000e+00 0.00000000e+00 0.00000000e+00 0.00000000e+00
  0.00000000e+00 0.00000000e+00 0.00000000e+00 0.00000000e+00]
 [0.00000000e+00 0.00000000e+00 0.00000000e+00 0.00000000e+00
  0.00000000e+00 0.00000000e+00 0.00000000e+00 0.00000000e+00
  4.67119680e+17 0.00000000e+00 0.00000000e+00 0.00000000e+00]
 [0.00000000e+00 0.00000000e+00 0.00000000e+00 0.00000000e+00
  3.72110369e+18 0.00000000e+00 0.00000000e+00 4.71257547e+17
  6.40647885e+18 1.15627906e+19 1.00461236e+19 0.00000000e+00]
 [0.00000000e+00 0.00000000e+00 1.92729187e+18 8.38196770e+16
  0.00000000e+00 0.00000000e+00 0.00000000e+00 1.82989690e+19
  9.04619145e+18 0.00000000e+00 0.00000000e+00 0.00000000e+00]
 [0.00000000e+00 0.00000000e+00 0.00000000e+00 0.00000000e+00
  0.00000000e+00 0.00000000e+00 0.00000000e+00 0.00000000e+00
  0.00000000e+00 0.00000000e+00 0.00000000e+00 0.00000000e+00]
 [1.93919615e+18 0.00000000e+00 0.00000000e+00 0.00000000e+00
  0.00000000e+00 0.00000000e+00 0.00000000e+00 0.00000000e+00
  0.00000000e+00 0.00000000e+00 0.00000000e+00 0.00000000e+00]
 [3.88867339e+17 3.45243306e+18 5.11830644e+18 0.00000000e+00
  0.00000000e+00 0.00000000e+00 0.00000000e+00 0.00000000e+00
  0.00000000e+00 7.55098028e+18 0.00000000e+00 0.00000000e+00]
 [0.00000000e+00 2.88153497e+18 6.71447203e+18 0.00000000e+00
  0.00000000e+00 0.00000000e+00 0.00000000e+00 5.29615695e+17
  1.13598227e+19 9.65884580e+18 0.00000000e+00 0.00000000e+00]
 [0.00000000e+00 0.00000000e+00 8.85854398e+18 0.00000000e+00
  0.00000000e+00 0.00000000e+00 0.00000000e+00 0.00000000e+00
  1.02330487e+19 3.76075222e+18 0.00000000e+00 0.00000000e+00]
 [0.00000000e+00 0.00000000e+00 2.14826120e+18 0.00000000e+00
  0.00000000e+00 0.00000000e+00 0.00000000e+00 0.00000000e+00
  0.00000000e+00 0.00000000e+00 0.00000000e+00 0.00000000e+00]][[0.00000000e+00 1.79026204e+19 2.55307026e+19 2.70768756e+19
  1.53592684e+19 4.69982959e+18 9.45021277e+18 1.22178072e+19
  1.53569834e+19 1.74470517e+19 1.73050728e+19 1.21394830e+19]
 [0.00000000e+00 8.85435400e+18 1.95660686e+19 2.07888725e+19
  1.15777915e+19 9.13699005e+18 1.50815132e+19 1.14634418e+19
  1.13277199e+19 9.06441616e+18 1.09113161e+19 7.97372039e+18]
 [4.09796959e+18 2.44967572e+19 2.02370810e+19 5.84790287e+18
  8.28996695e+18 9.45346017e+18 1.09373843e+18 0.00000000e+00
  0.00000000e+00 0.00000000e+00 0.00000000e+00 3.40525400e+18]
 [1.98264864e+18 3.42249300e+19 2.48732364e+19 1.53141116e+18
  1.06875310e+18 1.35897958e+18 0.00000000e+00 0.00000000e+00
  0.00000000e+00 0.00000000e+00 0.00000000e+00 4.51698206e+18]
 [1.07961955e+19 3.02494288e+19 1.75873840e+19 1.97995683e+18
  1.22170760e+18 2.48348269e+18 5.89465239e+17 0.00000000e+00
  1.14623252e+18 6.26298824e+18 7.61993903e+18 1.75642499e+19]
 [1.41559539e+19 9.45259301e+18 8.67548308e+18 3.99039986e+18
  2.52670517e+18 8.05666506e+18 6.58091373e+18 1.91851621e+19
  1.72701126e+19 7.31857757e+18 5.92706165e+18 3.00095591e+19]
 [7.16854709e+18 0.00000000e+00 0.00000000e+00 0.00000000e+00
  1.24023743e+18 1.44083477e+19 1.46078964e+19 3.22735799e+19
  3.50882719e+19 8.84191907e+18 0.00000000e+00 2.84846725e+19]
 [2.34126369e+17 0.00000000e+00 0.00000000e+00 0.00000000e+00
  0.00000000e+00 0.00000000e+00 8.56789452e+18 3.33183468e+19
  2.58503781e+19 0.00000000e+00 0.00000000e+00 1.41495470e+19]
 [9.86235380e+17 0.00000000e+00 0.00000000e+00 0.00000000e+00
  0.00000000e+00 0.00000000e+00 1.01344012e+18 1.67288614e+19
  1.16858786e+19 0.00000000e+00 0.00000000e+00 3.41089662e+18]
 [1.32570046e+18 0.00000000e+00 0.00000000e+00 0.00000000e+00
  0.00000000e+00 1.96276887e+17 5.04664455e+18 2.31814276e+18
  0.00000000e+00 0.00000000e+00 0.00000000e+00 1.18672841e+18]
 [1.88604715e+18 0.00000000e+00 0.00000000e+00 0.00000000e+00
  0.00000000e+00 1.07374406e+19 1.34633222e+19 2.35167770e+18
  0.00000000e+00 0.00000000e+00 0.00000000e+00 0.00000000e+00]
 [2.43403318e+18 2.96787777e+17 3.69249428e+18 0.00000000e+00
  0.00000000e+00 2.61883439e+18 8.39156371e+18 3.69975085e+18
  0.00000000e+00 0.00000000e+00 0.00000000e+00 0.00000000e+00]][[0.00000000e+00 0.00000000e+00 6.21830244e+17 0.00000000e+00
  0.00000000e+00 0.00000000e+00 0.00000000e+00 0.00000000e+00
  0.00000000e+00 0.00000000e+00 0.00000000e+00 8.11170711e+18]
 [0.00000000e+00 0.00000000e+00 0.00000000e+00 0.00000000e+00
  0.00000000e+00 0.00000000e+00 0.00000000e+00 0.00000000e+00
  0.00000000e+00 0.00000000e+00 0.00000000e+00 0.00000000e+00]
 [0.00000000e+00 0.00000000e+00 0.00000000e+00 0.00000000e+00
  0.00000000e+00 0.00000000e+00 0.00000000e+00 1.87673326e+18
  0.00000000e+00 0.00000000e+00 5.93364099e+17 0.00000000e+00]
 [0.00000000e+00 2.03949227e+19 8.60000685e+18 0.00000000e+00
  2.47261105e+18 2.77940812e+18 3.28669229e+18 8.69750458e+17
  0.00000000e+00 6.13765248e+17 2.46295333e+18 2.31902835e+17]
 [0.00000000e+00 0.00000000e+00 0.00000000e+00 0.00000000e+00
  0.00000000e+00 1.28243139e+18 7.27302825e+18 2.30677390e+18
  2.74366771e+18 7.08023995e+18 1.03312723e+19 1.08844264e+19]
 [0.00000000e+00 0.00000000e+00 0.00000000e+00 3.19031971e+18
  0.00000000e+00 3.12445044e+18 1.73550113e+19 8.74074669e+18
  5.40098133e+18 3.89183651e+18 4.70526050e+18 2.57180681e+19]
 [0.00000000e+00 0.00000000e+00 0.00000000e+00 0.00000000e+00
  0.00000000e+00 0.00000000e+00 0.00000000e+00 0.00000000e+00
  0.00000000e+00 0.00000000e+00 0.00000000e+00 6.41211645e+18]
 [0.00000000e+00 0.00000000e+00 0.00000000e+00 0.00000000e+00
  0.00000000e+00 0.00000000e+00 0.00000000e+00 0.00000000e+00
  0.00000000e+00 0.00000000e+00 0.00000000e+00 0.00000000e+00]
 [0.00000000e+00 0.00000000e+00 0.00000000e+00 0.00000000e+00
  0.00000000e+00 0.00000000e+00 0.00000000e+00 0.00000000e+00
  0.00000000e+00 0.00000000e+00 0.00000000e+00 4.34704019e+18]
 [5.55124112e+17 5.05516945e+17 0.00000000e+00 0.00000000e+00
  0.00000000e+00 1.25659371e+18 0.00000000e+00 0.00000000e+00
  0.00000000e+00 0.00000000e+00 0.00000000e+00 5.28337083e+18]
 [2.35062196e+17 3.77795461e+18 2.05280602e+18 0.00000000e+00
  0.00000000e+00 2.14052084e+19 1.87464278e+19 7.58139036e+18
  0.00000000e+00 0.00000000e+00 0.00000000e+00 1.26316137e+19]
 [0.00000000e+00 4.61092949e+16 0.00000000e+00 0.00000000e+00
  0.00000000e+00 0.00000000e+00 0.00000000e+00 7.34736251e+18
  0.00000000e+00 0.00000000e+00 0.00000000e+00 5.94256740e+18]][[9.32126078e+18 4.04692602e+19 5.27508052e+19 3.04693802e+19
  2.93406503e+19 3.51968943e+19 2.97642187e+19 2.34241785e+19
  1.35341172e+19 1.60747062e+19 1.45862729e+19 5.68317898e+18]
 [9.52917784e+18 3.28093977e+19 4.36800446e+19 4.45701361e+19
  3.57532329e+19 3.50229777e+19 3.55180505e+19 4.16132133e+19
  3.73797326e+19 3.23362943e+19 2.33878072e+19 1.05116794e+19]
 [1.61077882e+19 6.44378138e+19 4.27096294e+19 3.56814248e+19
  2.40397022e+19 1.51639608e+19 1.03102036e+19 1.52751341e+18
  0.00000000e+00 8.65350770e+17 1.15076584e+18 5.41436889e+18]
 [6.16673538e+18 4.99620956e+19 4.10384343e+19 1.15644345e+19
  1.14285136e+18 6.06219041e+18 3.28268934e+18 0.00000000e+00
  0.00000000e+00 0.00000000e+00 0.00000000e+00 5.27532393e+18]
 [2.20140175e+19 2.93895237e+19 3.84580815e+19 5.63490935e+18
  0.00000000e+00 1.53804775e+19 5.85661657e+18 0.00000000e+00
  0.00000000e+00 7.42907214e+18 1.41656040e+19 3.89356365e+19]
 [1.40645356e+19 1.04478916e+19 1.58140823e+19 7.65997488e+18
  7.39045522e+17 1.00097177e+19 1.78222470e+19 2.22073313e+19
  5.14247209e+19 3.67386621e+19 3.55317279e+19 5.12941833e+19]
 [0.00000000e+00 2.30183632e+18 0.00000000e+00 2.63151121e+18
  1.33546484e+19 2.42241956e+19 4.82774465e+19 4.23233289e+19
  5.94493212e+19 4.92348578e+19 3.00911686e+19 3.91976245e+19]
 [0.00000000e+00 2.70303881e+18 0.00000000e+00 0.00000000e+00
  2.18258744e+19 3.52783793e+19 3.88111186e+19 5.13777745e+19
  3.86107063e+19 1.57063960e+19 8.92780087e+18 2.16151570e+19]
 [0.00000000e+00 3.40681100e+18 0.00000000e+00 0.00000000e+00
  4.54799307e+18 3.26108503e+19 2.99703548e+19 3.50895726e+19
  2.83088534e+19 0.00000000e+00 0.00000000e+00 0.00000000e+00]
 [2.02334808e+18 1.87735895e+18 0.00000000e+00 0.00000000e+00
  0.00000000e+00 2.95428050e+19 1.74191241e+19 9.21622478e+18
  8.18494244e+18 0.00000000e+00 0.00000000e+00 0.00000000e+00]
 [1.39944916e+18 3.40524421e+18 0.00000000e+00 0.00000000e+00
  0.00000000e+00 1.67010038e+19 3.03964825e+19 1.09618335e+19
  0.00000000e+00 0.00000000e+00 0.00000000e+00 0.00000000e+00]
 [0.00000000e+00 0.00000000e+00 0.00000000e+00 0.00000000e+00
  0.00000000e+00 0.00000000e+00 6.08067842e+18 4.16214983e+17
  0.00000000e+00 0.00000000e+00 0.00000000e+00 0.00000000e+00]][[0.00000000e+00 0.00000000e+00 0.00000000e+00 0.00000000e+00
  0.00000000e+00 0.00000000e+00 0.00000000e+00 0.00000000e+00
  0.00000000e+00 0.00000000e+00 0.00000000e+00 1.50527207e+17]
 [0.00000000e+00 0.00000000e+00 0.00000000e+00 0.00000000e+00
  0.00000000e+00 0.00000000e+00 0.00000000e+00 0.00000000e+00
  0.00000000e+00 0.00000000e+00 0.00000000e+00 0.00000000e+00]
 [0.00000000e+00 0.00000000e+00 0.00000000e+00 0.00000000e+00
  0.00000000e+00 0.00000000e+00 0.00000000e+00 0.00000000e+00
  0.00000000e+00 0.00000000e+00 0.00000000e+00 0.00000000e+00]
 [0.00000000e+00 0.00000000e+00 0.00000000e+00 0.00000000e+00
  0.00000000e+00 0.00000000e+00 0.00000000e+00 0.00000000e+00
  0.00000000e+00 3.41716788e+17 0.00000000e+00 0.00000000e+00]
 [0.00000000e+00 0.00000000e+00 0.00000000e+00 0.00000000e+00
  0.00000000e+00 0.00000000e+00 0.00000000e+00 0.00000000e+00
  0.00000000e+00 0.00000000e+00 0.00000000e+00 0.00000000e+00]
 [0.00000000e+00 0.00000000e+00 0.00000000e+00 0.00000000e+00
  0.00000000e+00 0.00000000e+00 0.00000000e+00 0.00000000e+00
  0.00000000e+00 0.00000000e+00 0.00000000e+00 0.00000000e+00]
 [0.00000000e+00 0.00000000e+00 0.00000000e+00 0.00000000e+00
  0.00000000e+00 0.00000000e+00 0.00000000e+00 0.00000000e+00
  0.00000000e+00 0.00000000e+00 0.00000000e+00 0.00000000e+00]
 [0.00000000e+00 0.00000000e+00 0.00000000e+00 0.00000000e+00
  0.00000000e+00 0.00000000e+00 0.00000000e+00 0.00000000e+00
  0.00000000e+00 0.00000000e+00 0.00000000e+00 0.00000000e+00]
 [0.00000000e+00 0.00000000e+00 6.39937102e+16 0.00000000e+00
  0.00000000e+00 0.00000000e+00 0.00000000e+00 0.00000000e+00
  0.00000000e+00 0.00000000e+00 0.00000000e+00 0.00000000e+00]
 [0.00000000e+00 0.00000000e+00 1.32909445e+18 0.00000000e+00
  0.00000000e+00 0.00000000e+00 0.00000000e+00 0.00000000e+00
  0.00000000e+00 0.00000000e+00 0.00000000e+00 0.00000000e+00]
 [0.00000000e+00 0.00000000e+00 0.00000000e+00 0.00000000e+00
  0.00000000e+00 0.00000000e+00 0.00000000e+00 0.00000000e+00
  0.00000000e+00 0.00000000e+00 0.00000000e+00 0.00000000e+00]
 [0.00000000e+00 0.00000000e+00 0.00000000e+00 0.00000000e+00
  0.00000000e+00 0.00000000e+00 0.00000000e+00 5.70858978e+18
  0.00000000e+00 0.00000000e+00 0.00000000e+00 6.59351768e+18]][[2.06193124e+19 2.04905073e+19 2.62128718e+19 2.63576626e+19
  2.36006946e+19 1.91445897e+19 2.25360439e+19 4.23076342e+19
  4.83323344e+19 3.91883234e+19 2.54549210e+19 1.23593488e+19]
 [2.69467123e+19 3.32743138e+19 3.81453102e+19 4.21810334e+19
  3.64548718e+19 3.49371682e+19 2.44758497e+19 1.69682009e+19
  1.29706030e+19 8.08547620e+18 1.53656295e+19 5.61498096e+18]
 [2.13095865e+19 0.00000000e+00 0.00000000e+00 5.81139285e+18
  1.23657005e+19 1.19130789e+19 9.28409727e+17 0.00000000e+00
  0.00000000e+00 0.00000000e+00 0.00000000e+00 0.00000000e+00]
 [2.74972117e+19 1.57963448e+19 7.82592672e+18 0.00000000e+00
  4.98892497e+18 0.00000000e+00 0.00000000e+00 0.00000000e+00
  0.00000000e+00 0.00000000e+00 0.00000000e+00 0.00000000e+00]
 [3.16158958e+19 1.92174352e+19 1.81895887e+19 5.58690824e+18
  0.00000000e+00 0.00000000e+00 0.00000000e+00 6.58806403e+18
  4.08402819e+18 0.00000000e+00 0.00000000e+00 0.00000000e+00]
 [2.90483588e+19 5.30194270e+18 4.43488209e+18 2.90354940e+18
  1.18571508e+18 0.00000000e+00 1.01047400e+19 6.54647008e+18
  0.00000000e+00 0.00000000e+00 3.29056008e+17 0.00000000e+00]
 [1.96538003e+19 4.63395209e+17 0.00000000e+00 1.45989026e+19
  2.75069958e+19 1.56722228e+19 3.32025846e+19 3.94458226e+19
  1.09755870e+19 9.05888038e+18 5.43821776e+18 0.00000000e+00]
 [8.03441564e+18 0.00000000e+00 0.00000000e+00 7.41569829e+18
  1.23800859e+19 1.19718308e+19 4.37052549e+19 7.42930548e+19
  5.21812065e+19 3.18408831e+19 3.93552173e+18 0.00000000e+00]
 [9.55090258e+17 0.00000000e+00 0.00000000e+00 2.85361708e+17
  1.29873450e+19 5.28572832e+18 1.78209792e+19 4.34485244e+19
  3.13272567e+19 1.06140614e+19 1.41605348e+18 0.00000000e+00]
 [0.00000000e+00 0.00000000e+00 0.00000000e+00 0.00000000e+00
  5.82531732e+18 0.00000000e+00 0.00000000e+00 1.01879551e+18
  2.00963724e+18 3.81361689e+18 1.43808708e+18 0.00000000e+00]
 [0.00000000e+00 0.00000000e+00 0.00000000e+00 0.00000000e+00
  1.45476931e+18 9.47676382e+17 0.00000000e+00 0.00000000e+00
  0.00000000e+00 6.52995345e+18 5.90527142e+18 0.00000000e+00]
 [3.17030280e+18 2.06732292e+18 2.94280162e+17 1.11958911e+19
  1.26795192e+19 2.05404739e+19 1.27927556e+19 2.37455045e+18
  4.47384272e+18 1.81341933e+19 2.68233704e+19 8.94636384e+18]][[8.88413508e+18 2.42488174e+19 3.90215114e+19 3.60004663e+19
  2.68340368e+19 3.43072064e+19 3.61526696e+19 3.83026025e+19
  3.21684555e+19 2.71814554e+19 1.95640537e+19 1.18046190e+19]
 [3.37140586e+19 4.48602919e+19 4.79080372e+19 4.29248931e+19
  4.14085346e+19 4.25336339e+19 3.11228397e+19 2.53761092e+19
  1.81062230e+19 1.46165334e+19 1.56482096e+19 6.84780297e+18]
 [1.16812190e+19 4.26440066e+19 4.37655923e+19 2.07159682e+19
  2.73988884e+19 2.24670948e+19 1.18223839e+19 1.04215993e+19
  7.43221340e+18 3.77923090e+18 1.01214602e+19 5.24153957e+18]
 [1.86533693e+19 6.35846997e+19 5.73551728e+19 2.25987970e+19
  1.86053109e+19 8.10604862e+18 5.80684760e+18 5.99627549e+18
  6.64483518e+18 6.36633654e+18 1.48255266e+19 5.38475800e+18]
 [3.70429176e+19 5.63510212e+19 3.75754007e+19 2.61444801e+19
  1.54347779e+19 8.69913541e+18 1.40316002e+19 1.33140162e+19
  1.27521606e+19 1.05330539e+19 1.93764463e+19 1.67314975e+19]
 [3.36140299e+19 3.10075736e+19 1.76738418e+19 2.95442131e+19
  2.50200624e+19 1.36621821e+19 2.18389299e+19 2.26383253e+19
  3.50931828e+19 4.28189529e+19 5.07669459e+19 3.91980223e+19]
 [2.07629814e+19 2.10997246e+19 1.46295649e+19 4.09808109e+19
  4.76060482e+19 2.46493186e+19 4.32241005e+19 6.11405019e+19
  7.30039021e+19 7.88871236e+19 7.29744949e+19 3.36179227e+19]
 [9.54796109e+18 1.91356903e+19 1.41137296e+19 3.62086122e+19
  4.61349015e+19 4.30751503e+19 6.84181481e+19 7.37268753e+19
  7.25531768e+19 6.51897350e+19 6.35265764e+19 2.71716400e+19]
 [5.35926060e+18 1.14443979e+19 8.14914654e+18 3.68261615e+19
  5.27434063e+19 4.23396310e+19 4.55223889e+19 4.08245546e+19
  3.31274420e+19 3.69297352e+19 5.44128993e+19 3.45009557e+19]
 [3.69773550e+18 9.81734831e+18 1.42626536e+19 2.51594792e+19
  2.99755436e+19 3.91640086e+19 2.52700941e+19 5.40191574e+18
  1.14480766e+19 2.59165878e+19 4.35981969e+19 3.58143415e+19]
 [5.02704912e+18 1.01911752e+19 2.03085149e+19 2.48954760e+19
  3.22029538e+19 3.86106155e+19 2.33508254e+19 1.11036983e+19
  9.85525572e+18 2.37648821e+19 3.75357426e+19 3.00755845e+19]
 [4.70413274e+18 6.52915042e+18 1.62478214e+19 2.48402107e+19
  3.10862702e+19 3.16390849e+19 1.90392294e+19 1.15616738e+19
  1.18968756e+19 2.56357001e+19 2.68717862e+19 2.04481591e+19]][[2.86561055e+18 7.07217369e+18 9.41901761e+18 1.19501692e+19
  1.00657210e+19 1.12091315e+19 1.06355316e+19 1.36071604e+19
  1.64302857e+19 1.58626657e+19 6.15101319e+18 2.80335688e+18]
 [0.00000000e+00 0.00000000e+00 0.00000000e+00 5.98832486e+18
  0.00000000e+00 0.00000000e+00 0.00000000e+00 0.00000000e+00
  0.00000000e+00 0.00000000e+00 0.00000000e+00 7.81818688e+17]
 [0.00000000e+00 0.00000000e+00 0.00000000e+00 0.00000000e+00
  2.41257368e+18 4.61599451e+18 0.00000000e+00 0.00000000e+00
  0.00000000e+00 0.00000000e+00 0.00000000e+00 1.93312398e+18]
 [1.52053195e+19 1.99790135e+19 5.90664717e+18 0.00000000e+00
  0.00000000e+00 0.00000000e+00 0.00000000e+00 0.00000000e+00
  0.00000000e+00 0.00000000e+00 0.00000000e+00 5.66547490e+16]
 [0.00000000e+00 8.52827640e+17 0.00000000e+00 0.00000000e+00
  0.00000000e+00 2.29905512e+18 0.00000000e+00 0.00000000e+00
  3.58594626e+18 8.33247818e+18 7.05924193e+18 7.74350590e+18]
 [0.00000000e+00 0.00000000e+00 0.00000000e+00 0.00000000e+00
  0.00000000e+00 0.00000000e+00 5.68814131e+17 0.00000000e+00
  1.22389421e+19 2.17145184e+19 2.33899145e+19 1.85622059e+19]
 [0.00000000e+00 0.00000000e+00 0.00000000e+00 0.00000000e+00
  7.30443239e+18 5.03171791e+18 2.79047864e+18 1.40850308e+19
  2.08948365e+18 0.00000000e+00 0.00000000e+00 0.00000000e+00]
 [0.00000000e+00 0.00000000e+00 0.00000000e+00 0.00000000e+00
  0.00000000e+00 0.00000000e+00 0.00000000e+00 3.53667774e+18
  0.00000000e+00 0.00000000e+00 0.00000000e+00 0.00000000e+00]
 [1.32556901e+18 0.00000000e+00 0.00000000e+00 0.00000000e+00
  0.00000000e+00 0.00000000e+00 0.00000000e+00 0.00000000e+00
  0.00000000e+00 0.00000000e+00 0.00000000e+00 0.00000000e+00]
 [0.00000000e+00 0.00000000e+00 0.00000000e+00 0.00000000e+00
  0.00000000e+00 0.00000000e+00 0.00000000e+00 0.00000000e+00
  0.00000000e+00 0.00000000e+00 0.00000000e+00 0.00000000e+00]
 [0.00000000e+00 0.00000000e+00 0.00000000e+00 0.00000000e+00
  4.96398849e+18 2.37816221e+18 0.00000000e+00 0.00000000e+00
  0.00000000e+00 0.00000000e+00 0.00000000e+00 0.00000000e+00]
 [0.00000000e+00 0.00000000e+00 0.00000000e+00 0.00000000e+00
  0.00000000e+00 0.00000000e+00 0.00000000e+00 0.00000000e+00
  0.00000000e+00 0.00000000e+00 0.00000000e+00 0.00000000e+00]][[0.00000000e+00 0.00000000e+00 0.00000000e+00 0.00000000e+00
  0.00000000e+00 0.00000000e+00 0.00000000e+00 0.00000000e+00
  0.00000000e+00 0.00000000e+00 0.00000000e+00 0.00000000e+00]
 [0.00000000e+00 0.00000000e+00 0.00000000e+00 0.00000000e+00
  0.00000000e+00 0.00000000e+00 0.00000000e+00 0.00000000e+00
  0.00000000e+00 0.00000000e+00 0.00000000e+00 0.00000000e+00]
 [0.00000000e+00 0.00000000e+00 0.00000000e+00 0.00000000e+00
  0.00000000e+00 0.00000000e+00 7.60665312e+17 7.39680426e+17
  7.09967914e+17 0.00000000e+00 0.00000000e+00 0.00000000e+00]
 [0.00000000e+00 0.00000000e+00 0.00000000e+00 0.00000000e+00
  0.00000000e+00 0.00000000e+00 0.00000000e+00 0.00000000e+00
  0.00000000e+00 1.35824124e+18 0.00000000e+00 0.00000000e+00]
 [0.00000000e+00 0.00000000e+00 0.00000000e+00 8.36863981e+17
  0.00000000e+00 0.00000000e+00 0.00000000e+00 2.36328623e+18
  2.82753259e+18 0.00000000e+00 0.00000000e+00 0.00000000e+00]
 [0.00000000e+00 0.00000000e+00 0.00000000e+00 0.00000000e+00
  0.00000000e+00 0.00000000e+00 0.00000000e+00 0.00000000e+00
  0.00000000e+00 0.00000000e+00 0.00000000e+00 0.00000000e+00]
 [0.00000000e+00 3.36639247e+18 0.00000000e+00 0.00000000e+00
  0.00000000e+00 0.00000000e+00 0.00000000e+00 0.00000000e+00
  0.00000000e+00 0.00000000e+00 0.00000000e+00 0.00000000e+00]
 [0.00000000e+00 8.92986446e+17 0.00000000e+00 0.00000000e+00
  0.00000000e+00 0.00000000e+00 0.00000000e+00 0.00000000e+00
  0.00000000e+00 0.00000000e+00 0.00000000e+00 0.00000000e+00]
 [0.00000000e+00 1.54259046e+18 1.08104984e+18 0.00000000e+00
  0.00000000e+00 0.00000000e+00 0.00000000e+00 0.00000000e+00
  5.22930444e+18 0.00000000e+00 0.00000000e+00 0.00000000e+00]
 [0.00000000e+00 0.00000000e+00 3.05937516e+17 6.21708345e+18
  0.00000000e+00 0.00000000e+00 0.00000000e+00 0.00000000e+00
  5.11694326e+18 0.00000000e+00 0.00000000e+00 0.00000000e+00]
 [0.00000000e+00 0.00000000e+00 0.00000000e+00 1.85225329e+18
  0.00000000e+00 0.00000000e+00 0.00000000e+00 0.00000000e+00
  5.93109769e+18 0.00000000e+00 0.00000000e+00 0.00000000e+00]
 [0.00000000e+00 4.77535629e+18 1.02236900e+18 0.00000000e+00
  0.00000000e+00 0.00000000e+00 0.00000000e+00 6.98169715e+18
  7.81028362e+17 0.00000000e+00 0.00000000e+00 0.00000000e+00]][[0.00000000e+00 0.00000000e+00 0.00000000e+00 0.00000000e+00
  0.00000000e+00 0.00000000e+00 0.00000000e+00 0.00000000e+00
  0.00000000e+00 0.00000000e+00 0.00000000e+00 0.00000000e+00]
 [0.00000000e+00 0.00000000e+00 0.00000000e+00 0.00000000e+00
  0.00000000e+00 0.00000000e+00 0.00000000e+00 0.00000000e+00
  0.00000000e+00 0.00000000e+00 0.00000000e+00 2.41145631e+18]
 [0.00000000e+00 1.11288997e+19 8.18748012e+18 0.00000000e+00
  0.00000000e+00 3.95324320e+18 1.49670350e+18 1.83537233e+18
  2.53714545e+18 5.41538379e+17 2.77651126e+18 1.03699655e+18]
 [0.00000000e+00 0.00000000e+00 0.00000000e+00 0.00000000e+00
  0.00000000e+00 3.15619901e+18 0.00000000e+00 1.93187479e+18
  2.36526299e+18 1.93435405e+18 4.25603586e+18 0.00000000e+00]
 [0.00000000e+00 0.00000000e+00 0.00000000e+00 0.00000000e+00
  6.28207869e+18 2.38742948e+18 1.82096571e+18 4.19578230e+18
  5.94140321e+18 7.65532724e+17 6.06767512e+18 9.79066375e+18]
 [0.00000000e+00 0.00000000e+00 2.11681015e+18 2.81978460e+18
  0.00000000e+00 0.00000000e+00 0.00000000e+00 1.13049096e+19
  5.54042122e+18 0.00000000e+00 0.00000000e+00 0.00000000e+00]
 [0.00000000e+00 0.00000000e+00 0.00000000e+00 0.00000000e+00
  0.00000000e+00 0.00000000e+00 0.00000000e+00 0.00000000e+00
  0.00000000e+00 0.00000000e+00 0.00000000e+00 0.00000000e+00]
 [3.72897204e+18 0.00000000e+00 0.00000000e+00 0.00000000e+00
  0.00000000e+00 0.00000000e+00 0.00000000e+00 0.00000000e+00
  0.00000000e+00 0.00000000e+00 8.18934684e+17 0.00000000e+00]
 [4.11885867e+18 5.09917731e+17 1.15674584e+19 1.05122809e+19
  0.00000000e+00 0.00000000e+00 0.00000000e+00 0.00000000e+00
  0.00000000e+00 1.83956529e+19 9.03224922e+18 0.00000000e+00]
 [3.19776060e+18 2.12738763e+18 1.09237165e+19 1.16185549e+19
  0.00000000e+00 0.00000000e+00 3.61581706e+18 0.00000000e+00
  3.86753251e+18 1.76390152e+19 1.36337646e+19 6.87957749e+17]
 [1.33020802e+18 0.00000000e+00 8.79581051e+18 0.00000000e+00
  0.00000000e+00 0.00000000e+00 3.42410529e+17 5.70243857e+18
  7.41557140e+17 6.75884945e+18 3.31925223e+18 4.69509556e+18]
 [0.00000000e+00 0.00000000e+00 6.42654553e+18 0.00000000e+00
  0.00000000e+00 0.00000000e+00 0.00000000e+00 0.00000000e+00
  0.00000000e+00 0.00000000e+00 0.00000000e+00 0.00000000e+00]][[0.00000000e+00 0.00000000e+00 0.00000000e+00 0.00000000e+00
  0.00000000e+00 0.00000000e+00 0.00000000e+00 0.00000000e+00
  0.00000000e+00 0.00000000e+00 0.00000000e+00 0.00000000e+00]
 [0.00000000e+00 0.00000000e+00 0.00000000e+00 0.00000000e+00
  0.00000000e+00 0.00000000e+00 0.00000000e+00 0.00000000e+00
  0.00000000e+00 0.00000000e+00 0.00000000e+00 0.00000000e+00]
 [0.00000000e+00 0.00000000e+00 0.00000000e+00 0.00000000e+00
  0.00000000e+00 0.00000000e+00 0.00000000e+00 0.00000000e+00
  0.00000000e+00 5.19574185e+16 0.00000000e+00 0.00000000e+00]
 [0.00000000e+00 0.00000000e+00 0.00000000e+00 0.00000000e+00
  0.00000000e+00 0.00000000e+00 2.89939643e+18 0.00000000e+00
  0.00000000e+00 0.00000000e+00 0.00000000e+00 4.93120644e+17]
 [0.00000000e+00 0.00000000e+00 0.00000000e+00 0.00000000e+00
  0.00000000e+00 0.00000000e+00 7.32119662e+17 0.00000000e+00
  0.00000000e+00 0.00000000e+00 0.00000000e+00 0.00000000e+00]
 [0.00000000e+00 0.00000000e+00 0.00000000e+00 0.00000000e+00
  0.00000000e+00 0.00000000e+00 0.00000000e+00 0.00000000e+00
  0.00000000e+00 0.00000000e+00 0.00000000e+00 0.00000000e+00]
 [0.00000000e+00 0.00000000e+00 0.00000000e+00 0.00000000e+00
  0.00000000e+00 0.00000000e+00 0.00000000e+00 0.00000000e+00
  0.00000000e+00 0.00000000e+00 0.00000000e+00 0.00000000e+00]
 [0.00000000e+00 0.00000000e+00 0.00000000e+00 0.00000000e+00
  0.00000000e+00 0.00000000e+00 0.00000000e+00 0.00000000e+00
  0.00000000e+00 0.00000000e+00 0.00000000e+00 0.00000000e+00]
 [0.00000000e+00 0.00000000e+00 0.00000000e+00 0.00000000e+00
  0.00000000e+00 2.42162759e+18 0.00000000e+00 0.00000000e+00
  0.00000000e+00 0.00000000e+00 0.00000000e+00 0.00000000e+00]
 [0.00000000e+00 0.00000000e+00 0.00000000e+00 0.00000000e+00
  0.00000000e+00 0.00000000e+00 0.00000000e+00 1.06894715e+18
  0.00000000e+00 0.00000000e+00 0.00000000e+00 0.00000000e+00]
 [0.00000000e+00 0.00000000e+00 0.00000000e+00 0.00000000e+00
  0.00000000e+00 0.00000000e+00 0.00000000e+00 3.52288444e+18
  0.00000000e+00 0.00000000e+00 0.00000000e+00 0.00000000e+00]
 [0.00000000e+00 0.00000000e+00 0.00000000e+00 0.00000000e+00
  0.00000000e+00 0.00000000e+00 0.00000000e+00 0.00000000e+00
  0.00000000e+00 0.00000000e+00 0.00000000e+00 0.00000000e+00]][[0.00000000e+00 0.00000000e+00 0.00000000e+00 0.00000000e+00
  0.00000000e+00 0.00000000e+00 8.82059004e+18 2.90534449e+18
  0.00000000e+00 0.00000000e+00 0.00000000e+00 0.00000000e+00]
 [0.00000000e+00 0.00000000e+00 0.00000000e+00 0.00000000e+00
  0.00000000e+00 0.00000000e+00 0.00000000e+00 0.00000000e+00
  0.00000000e+00 0.00000000e+00 0.00000000e+00 0.00000000e+00]
 [0.00000000e+00 0.00000000e+00 0.00000000e+00 0.00000000e+00
  0.00000000e+00 0.00000000e+00 0.00000000e+00 0.00000000e+00
  0.00000000e+00 0.00000000e+00 0.00000000e+00 0.00000000e+00]
 [0.00000000e+00 0.00000000e+00 0.00000000e+00 0.00000000e+00
  0.00000000e+00 0.00000000e+00 0.00000000e+00 0.00000000e+00
  1.01057599e+18 0.00000000e+00 0.00000000e+00 0.00000000e+00]
 [0.00000000e+00 0.00000000e+00 0.00000000e+00 0.00000000e+00
  0.00000000e+00 0.00000000e+00 0.00000000e+00 0.00000000e+00
  0.00000000e+00 0.00000000e+00 0.00000000e+00 0.00000000e+00]
 [0.00000000e+00 0.00000000e+00 0.00000000e+00 0.00000000e+00
  0.00000000e+00 0.00000000e+00 0.00000000e+00 0.00000000e+00
  0.00000000e+00 0.00000000e+00 0.00000000e+00 0.00000000e+00]
 [0.00000000e+00 0.00000000e+00 0.00000000e+00 0.00000000e+00
  0.00000000e+00 0.00000000e+00 0.00000000e+00 0.00000000e+00
  0.00000000e+00 0.00000000e+00 0.00000000e+00 0.00000000e+00]
 [1.06222976e+18 0.00000000e+00 0.00000000e+00 0.00000000e+00
  0.00000000e+00 0.00000000e+00 0.00000000e+00 0.00000000e+00
  0.00000000e+00 0.00000000e+00 0.00000000e+00 0.00000000e+00]
 [0.00000000e+00 0.00000000e+00 0.00000000e+00 0.00000000e+00
  0.00000000e+00 0.00000000e+00 0.00000000e+00 0.00000000e+00
  0.00000000e+00 0.00000000e+00 0.00000000e+00 0.00000000e+00]
 [0.00000000e+00 2.15086416e+17 0.00000000e+00 0.00000000e+00
  0.00000000e+00 0.00000000e+00 0.00000000e+00 0.00000000e+00
  0.00000000e+00 0.00000000e+00 1.72706836e+18 0.00000000e+00]
 [0.00000000e+00 0.00000000e+00 0.00000000e+00 0.00000000e+00
  0.00000000e+00 0.00000000e+00 0.00000000e+00 0.00000000e+00
  0.00000000e+00 0.00000000e+00 4.63526387e+18 0.00000000e+00]
 [0.00000000e+00 0.00000000e+00 0.00000000e+00 2.72015838e+18
  1.81660407e+17 0.00000000e+00 0.00000000e+00 0.00000000e+00
  2.49399499e+18 7.35116804e+18 6.27939945e+18 0.00000000e+00]]