[[0. 0. 0.]
 [0. 0. 0.]
 [0. 0. 0.]][[1.22520102e+28 1.65046790e+28 1.65046790e+28]
 [3.53717443e+28 3.53717443e+28 1.65046790e+28]
 [1.78032352e+28 1.53582466e+28 1.53582466e+28]][[5.83245592e+28 7.46971509e+28 6.54140670e+28]
 [5.14022092e+28 7.46971509e+28 6.44774680e+28]
 [7.26242873e+26 2.69879076e+28 5.74229288e+28]][[4.22608555e+27 1.27866249e+27 1.52822171e+27]
 [0.00000000e+00 1.04667163e+28 1.04667163e+28]
 [3.27126126e+27 3.27126126e+27 9.70126810e+27]][[0.00000000e+00 4.83064028e+27 7.14973394e+27]
 [8.92075299e+27 9.56690369e+27 4.23633610e+28]
 [1.96536504e+28 3.61427992e+28 4.23633610e+28]][[0. 0. 0.]
 [0. 0. 0.]
 [0. 0. 0.]][[0.00000000e+00 0.00000000e+00 0.00000000e+00]
 [1.21245602e+28 0.00000000e+00 0.00000000e+00]
 [9.36970844e+27 2.80503742e+28 1.55156986e+28]][[1.47429466e+28 1.45221244e+28 2.38184137e+28]
 [3.40024497e+28 3.40024497e+28 2.38184137e+28]
 [2.42210202e+28 3.08796807e+28 3.08796807e+28]][[6.52224612e+27 1.80840291e+28 3.56828153e+28]
 [0.00000000e+00 0.00000000e+00 0.00000000e+00]
 [0.00000000e+00 0.00000000e+00 0.00000000e+00]][[4.93798882e+28 2.66359575e+28 2.00568787e+28]
 [4.51934489e+28 4.51934489e+28 2.51814219e+28]
 [4.51934489e+28 4.51934489e+28 2.51814219e+28]][[0.00000000e+00 0.00000000e+00 0.00000000e+00]
 [0.00000000e+00 0.00000000e+00 5.35955962e+27]
 [0.00000000e+00 1.45223314e+27 1.48474173e+28]][[0.00000000e+00 3.48322397e+27 3.48322397e+27]
 [2.55903296e+28 2.29456717e+28 3.61469202e+28]
 [2.16476365e+28 4.80312686e+28 3.61469202e+28]][[2.28711287e+28 4.27835819e+28 4.27835819e+28]
 [3.80317323e+28 5.83417733e+28 5.32470880e+28]
 [3.80317323e+28 5.83417733e+28 4.98487762e+28]][[4.35153962e+28 3.29909511e+28 3.76676077e+28]
 [2.21250606e+28 3.29909511e+28 2.36815802e+28]
 [0.00000000e+00 0.00000000e+00 3.91162779e+26]][[6.52899014e+27 6.52899014e+27 0.00000000e+00]
 [0.00000000e+00 0.00000000e+00 0.00000000e+00]
 [7.13578192e+27 0.00000000e+00 0.00000000e+00]][[0.00000000e+00 0.00000000e+00 0.00000000e+00]
 [0.00000000e+00 0.00000000e+00 0.00000000e+00]
 [0.00000000e+00 6.22250394e+27 0.00000000e+00]][[1.21383592e+29 1.21383592e+29 9.06818911e+28]
 [1.21383592e+29 1.50092949e+29 1.15488308e+29]
 [4.01901126e+28 1.15488308e+29 1.15488308e+29]][[3.97567355e+27 3.97567355e+27 1.53256426e+28]
 [1.90784577e+27 0.00000000e+00 0.00000000e+00]
 [3.82395761e+26 0.00000000e+00 0.00000000e+00]][[0. 0. 0.]
 [0. 0. 0.]
 [0. 0. 0.]][[2.32217670e+28 5.37865586e+27 1.69960079e+28]
 [1.68697841e+28 4.68052057e+27 0.00000000e+00]
 [1.44696400e+28 4.68052057e+27 0.00000000e+00]]