[[-1.15566964e+00 -1.12355015e+00 -1.26808785e+00 -1.25202811e+00
  -1.10749041e+00 -9.30833214e-01 -8.82653980e-01 -9.46892959e-01
  -6.25698064e-01 -2.24204446e-01  6.26962026e-01  1.33359079e+00
   1.63872594e+00  1.79932339e+00  1.91174160e+00  1.81538314e+00
   1.62266620e+00  1.52630773e+00  1.15693360e+00  9.32097176e-01
   8.35738707e-01  6.91201005e-01  1.01239590e+00  1.04451539e+00]
 [-1.31626709e+00 -1.36444632e+00 -1.21990862e+00 -9.79012448e-01
  -8.02355256e-01 -4.97220106e-01 -2.40264190e-01 -2.40264190e-01
  -2.40264190e-01 -1.92084956e-01 -1.43905722e-01  1.29109939e-01
   1.15693360e+00  1.86356237e+00  2.08839880e+00  2.00810007e+00
   1.83144288e+00  1.52630773e+00  1.02845564e+00  7.55439983e-01
   6.26962026e-01  2.09408662e-01  1.93348918e-01  2.57587897e-01]
 [-1.02719168e+00 -1.34838658e+00 -8.18415001e-01 -2.40264190e-01
  -1.76025211e-01 -9.57264877e-02  1.77289173e-01  2.73647641e-01
   2.25468407e-01  3.53946365e-01  5.30603557e-01  2.89707386e-01
   5.30603557e-01  1.41388952e+00  1.76720390e+00  1.70296492e+00
   1.67084543e+00  1.60660645e+00  1.14087386e+00  5.94842536e-01
   5.94842536e-01  1.61229428e-01 -9.57264877e-02  6.48709597e-02]
 [-9.30833214e-01 -1.34838658e+00 -7.22056533e-01  2.41528152e-01
   3.86065854e-01  2.89707386e-01  1.77289173e-01  6.48709597e-02
   1.61229428e-01  3.37886620e-01  6.91201005e-01  8.83917941e-01
   9.80276410e-01  1.25329207e+00  1.36571028e+00  1.30147130e+00
   1.33359079e+00  1.33359079e+00  1.20511284e+00  8.03619218e-01
   6.91201005e-01  3.21826875e-01 -1.27845977e-01 -9.57264877e-02]
 [-8.66594235e-01 -1.36444632e+00 -7.86295512e-01  1.61229428e-01
   4.18185344e-01  3.70006110e-01  8.09307044e-02  1.61229428e-01
   3.70006110e-01  4.50304833e-01  5.14543812e-01  6.91201005e-01
   9.80276410e-01  1.12481411e+00  1.20511284e+00  1.12481411e+00
   9.96336155e-01  7.87559473e-01  9.48156920e-01  1.07663488e+00
   7.23320494e-01  4.50304833e-01 -1.43905722e-01 -2.24204446e-01]
 [-5.29339596e-01 -1.33232683e+00 -8.98713725e-01 -4.75472535e-02
   2.41528152e-01  3.05767131e-01  1.66917254e-02  5.30603557e-01
   7.71499728e-01  4.50304833e-01  4.34245089e-01  6.26962026e-01
   8.99977686e-01  1.09269462e+00  1.07663488e+00  1.02845564e+00
   8.35738707e-01  5.62723047e-01  7.71499728e-01  1.14087386e+00
   6.43021770e-01  2.57587897e-01 -3.04503169e-01 -3.84801893e-01]
 [-5.29339596e-01 -1.36444632e+00 -1.05931117e+00 -3.20562914e-01
   1.61229428e-01  3.21826875e-01  2.41528152e-01  7.87559473e-01
   9.96336155e-01  5.30603557e-01  2.25468407e-01  4.82424323e-01
   9.64216665e-01  1.09269462e+00  9.48156920e-01  9.48156920e-01
   7.39380239e-01  3.70006110e-01  3.70006110e-01  8.83917941e-01
   5.94842536e-01 -6.36069983e-02 -5.77518830e-01 -7.05996788e-01]
 [-8.66594235e-01 -1.04325143e+00 -7.70235767e-01 -7.05996788e-01
  -9.57264877e-02  2.73647641e-01  5.46663302e-01  9.80276410e-01
   1.06057513e+00  7.55439983e-01  1.13050194e-01  3.05767131e-01
   9.32097176e-01  8.99977686e-01  7.71499728e-01  7.39380239e-01
   4.66364578e-01  1.13050194e-01  8.09307044e-02  4.34245089e-01
   5.30603557e-01 -2.56323935e-01 -8.18415001e-01 -9.30833214e-01]
 [-1.01113194e+00 -7.96667430e-02  6.10902281e-01 -3.52682404e-01
  -4.16921383e-01  3.05767131e-01  7.87559473e-01  8.83917941e-01
   8.67858197e-01  7.23320494e-01  6.31980696e-04  1.13050194e-01
   6.26962026e-01  6.26962026e-01  6.10902281e-01  4.34245089e-01
   1.77289173e-01  6.48709597e-02  9.69904491e-02  4.88112149e-02
   4.50304833e-01 -2.56323935e-01 -1.02719168e+00 -1.13960990e+00]
 [-6.09638319e-01  8.51798452e-01  1.49418824e+00  9.16037431e-01
  -2.40264190e-01  8.09307044e-02  6.26962026e-01  4.98484068e-01
   4.02125599e-01  3.86065854e-01 -2.08144701e-01 -1.92084956e-01
   3.86065854e-01  4.98484068e-01  4.50304833e-01  1.77289173e-01
   8.09307044e-02  1.45169683e-01  1.66917254e-02 -2.56323935e-01
   1.29109939e-01 -4.00861638e-01 -1.17172939e+00 -1.26808785e+00]
 [ 5.46663302e-01  1.42994926e+00  1.59054671e+00  1.60660645e+00
   8.51798452e-01 -1.11786232e-01 -1.43905722e-01 -1.27845977e-01
  -1.76025211e-01 -1.76025211e-01 -4.97220106e-01 -2.08144701e-01
   4.50304833e-01  3.53946365e-01  1.45169683e-01 -3.14875088e-02
   1.66917254e-02 -3.14875088e-02 -2.72383680e-01 -4.32981127e-01
  -5.29339596e-01 -1.01113194e+00 -1.38050607e+00 -1.41262556e+00]
 [ 1.59054671e+00  1.60660645e+00  1.49418824e+00  1.39782977e+00
   1.55842722e+00  3.53946365e-01 -7.38116277e-01 -6.41757809e-01
  -7.22056533e-01 -7.54176022e-01 -5.13279851e-01  2.57587897e-01
   4.50304833e-01  1.61229428e-01 -1.27845977e-01 -3.84801893e-01
  -3.52682404e-01 -2.72383680e-01 -4.81160362e-01 -4.00861638e-01
  -9.95072193e-01 -1.39656581e+00 -1.07537092e+00 -1.49292428e+00]
 [ 1.57448697e+00  1.51024799e+00  1.39782977e+00  1.39782977e+00
   1.65478569e+00  8.35738707e-01 -9.30833214e-01 -8.66594235e-01
  -1.09143066e+00 -9.95072193e-01  1.66917254e-02  7.71499728e-01
   5.30603557e-01 -1.54277640e-02 -5.13279851e-01 -8.82653980e-01
  -8.34474746e-01 -7.86295512e-01 -5.93578575e-01  4.66364578e-01
  -7.70235767e-01 -1.41262556e+00  1.93348918e-01 -8.02355256e-01]
 [ 1.57448697e+00  1.54236748e+00  1.54236748e+00  1.52630773e+00
   1.59054671e+00  1.25329207e+00 -3.20562914e-01 -7.70235767e-01
  -1.10749041e+00 -9.46892959e-01 -7.96667430e-02  6.31980696e-04
  -3.52682404e-01 -7.38116277e-01 -1.07537092e+00 -1.30020734e+00
  -1.26808785e+00 -1.07537092e+00  9.69904491e-02  1.33359079e+00
  -4.49040872e-01 -1.57322300e+00  3.70006110e-01  4.34245089e-01]
 [ 1.59054671e+00  1.47812850e+00  1.46206875e+00  1.46206875e+00
   1.42994926e+00  1.51024799e+00  9.16037431e-01 -4.97220106e-01
  -9.30833214e-01 -9.30833214e-01 -3.84801893e-01 -6.36069983e-02
  -5.45399340e-01 -8.50534491e-01 -1.01113194e+00 -1.15566964e+00
  -8.02355256e-01  8.09307044e-02  9.96336155e-01  1.34965054e+00
  -3.14875088e-02 -1.60534249e+00 -2.08144701e-01  1.02845564e+00]
 [ 1.52630773e+00  1.46206875e+00  1.44600901e+00  1.36571028e+00
   1.34965054e+00  1.36571028e+00  1.38177003e+00 -3.52682404e-01
  -1.17172939e+00 -1.15566964e+00  8.09307044e-02  1.33359079e+00
   9.32097176e-01  5.78782791e-01  3.70006110e-01  3.05767131e-01
   7.39380239e-01  1.22117258e+00  1.12481411e+00  1.07663488e+00
   4.18185344e-01 -1.54110351e+00 -7.54176022e-01  1.20511284e+00]
 [ 1.33359079e+00  1.31753105e+00  1.31753105e+00  1.26935182e+00
   1.34965054e+00  1.26935182e+00  1.41388952e+00 -1.59965467e-01
  -1.55716326e+00 -1.31626709e+00  4.34245089e-01  1.57448697e+00
   1.46206875e+00  1.51024799e+00  1.42994926e+00  1.23723233e+00
   1.20511284e+00  1.25329207e+00  1.14087386e+00  1.18905309e+00
   7.39380239e-01 -1.33232683e+00 -6.57817554e-01  1.36571028e+00]
 [ 1.17299335e+00  1.02845564e+00  1.06057513e+00  1.06057513e+00
   1.23723233e+00  1.18905309e+00  1.30147130e+00  9.69904491e-02
  -1.62140224e+00 -1.28414760e+00  7.23320494e-01  1.49418824e+00
   1.36571028e+00  1.39782977e+00  1.41388952e+00  1.23723233e+00
   1.10875437e+00  1.12481411e+00  1.10875437e+00  1.23723233e+00
   9.32097176e-01 -1.05931117e+00 -2.56323935e-01  1.31753105e+00]
 [ 1.10875437e+00  1.12481411e+00  1.07663488e+00  1.04451539e+00
   1.10875437e+00  9.80276410e-01  1.10875437e+00  3.05767131e-01
  -1.57322300e+00 -1.20384887e+00  8.35738707e-01  1.38177003e+00
   1.30147130e+00  1.26935182e+00  1.33359079e+00  1.20511284e+00
   1.09269462e+00  1.04451539e+00  8.83917941e-01  9.96336155e-01
   6.43021770e-01 -1.20384887e+00 -9.57264877e-02  9.96336155e-01]
 [ 8.99977686e-01  1.23723233e+00  1.22117258e+00  1.20511284e+00
   1.06057513e+00  8.35738707e-01  9.32097176e-01  2.57587897e-01
  -1.54110351e+00 -1.46080479e+00  3.37886620e-01  1.10875437e+00
   1.15693360e+00  1.14087386e+00  1.10875437e+00  8.99977686e-01
   7.71499728e-01  7.55439983e-01  6.75141260e-01  8.19678962e-01
   1.61229428e-01 -1.44474505e+00 -6.36069983e-02  7.71499728e-01]
 [ 9.32097176e-01  1.25329207e+00  1.14087386e+00  9.80276410e-01
   8.99977686e-01  8.35738707e-01  9.16037431e-01  1.77289173e-01
  -1.49292428e+00 -1.71776071e+00 -8.66594235e-01  5.62723047e-01
   1.07663488e+00  1.02845564e+00  9.64216665e-01  7.39380239e-01
   5.30603557e-01  4.66364578e-01  5.46663302e-01  7.07260749e-01
  -2.40264190e-01 -1.54110351e+00  6.31980696e-04  6.75141260e-01]
 [ 1.18905309e+00  1.10875437e+00  8.67858197e-01  7.23320494e-01
   9.16037431e-01  8.19678962e-01  7.55439983e-01  1.77289173e-01
  -1.31626709e+00 -7.05996788e-01 -1.21990862e+00 -1.05931117e+00
  -4.75472535e-02  5.94842536e-01  8.35738707e-01  7.23320494e-01
   5.94842536e-01  5.46663302e-01  4.82424323e-01  3.70006110e-01
  -8.18415001e-01 -1.54110351e+00 -4.75472535e-02  6.26962026e-01]
 [ 1.17299335e+00  1.07663488e+00  9.80276410e-01  9.64216665e-01
   1.10875437e+00  8.99977686e-01  7.71499728e-01  3.05767131e-01
  -1.38050607e+00 -1.43905722e-01 -9.57264877e-02 -1.30020734e+00
  -1.34838658e+00 -2.24204446e-01  6.10902281e-01  5.78782791e-01
   5.14543812e-01  5.30603557e-01  4.66364578e-01  1.66917254e-02
  -1.02719168e+00 -1.07537092e+00 -2.56323935e-01  2.41528152e-01]
 [ 1.30147130e+00  1.22117258e+00  1.17299335e+00  1.15693360e+00
   1.04451539e+00  8.67858197e-01  8.03619218e-01  2.41528152e-01
  -1.46080479e+00 -4.32981127e-01  4.82424323e-01 -4.16921383e-01
  -1.31626709e+00 -7.54176022e-01  1.61229428e-01  2.73647641e-01
   5.14543812e-01  4.34245089e-01  2.09408662e-01 -1.92084956e-01
  -4.32981127e-01 -1.76025211e-01  4.88112149e-02 -1.54277640e-02]][[-1.17172939e+00 -1.18778913e+00 -1.44474505e+00 -1.50898402e+00
  -1.39656581e+00 -1.18778913e+00 -1.09143066e+00 -1.10749041e+00
  -7.38116277e-01 -2.88443425e-01  6.91201005e-01  1.54236748e+00
   1.94386109e+00  2.05627931e+00  2.07233905e+00  1.86356237e+00
   1.54236748e+00  1.28541156e+00  7.71499728e-01  4.18185344e-01
   2.09408662e-01  2.09408662e-01  8.19678962e-01  1.09269462e+00]
 [-1.44474505e+00 -1.49292428e+00 -1.49292428e+00 -1.34838658e+00
  -1.26808785e+00 -1.13960990e+00 -9.30833214e-01 -8.66594235e-01
  -8.18415001e-01 -7.22056533e-01 -5.29339596e-01 -7.96667430e-02
   1.04451539e+00  1.68690518e+00  1.76720390e+00  1.52630773e+00
   1.20511284e+00  7.23320494e-01  8.09307044e-02 -3.04503169e-01
  -4.16921383e-01 -6.41757809e-01 -3.84801893e-01 -7.96667430e-02]
 [-1.30020734e+00 -1.50898402e+00 -1.25202811e+00 -9.95072193e-01
  -9.95072193e-01 -9.79012448e-01 -7.05996788e-01 -5.61459085e-01
  -5.61459085e-01 -4.32981127e-01 -2.56323935e-01 -4.32981127e-01
  -1.76025211e-01  6.59081515e-01  9.32097176e-01  8.03619218e-01
   7.07260749e-01  5.62723047e-01  4.88112149e-02 -5.61459085e-01
  -5.93578575e-01 -8.82653980e-01 -9.62952704e-01 -7.22056533e-01]
 [-1.33232683e+00 -1.52504377e+00 -1.26808785e+00 -7.86295512e-01
  -6.73877298e-01 -6.41757809e-01 -7.38116277e-01 -8.02355256e-01
  -6.57817554e-01 -4.81160362e-01 -2.40264190e-01 -1.11786232e-01
  -4.75472535e-02  1.93348918e-01  3.05767131e-01  2.57587897e-01
   2.89707386e-01  2.73647641e-01  1.61229428e-01 -2.72383680e-01
  -4.97220106e-01 -7.70235767e-01 -1.07537092e+00 -1.09143066e+00]
 [-1.31626709e+00 -1.58928275e+00 -1.33232683e+00 -8.66594235e-01
  -6.25698064e-01 -5.77518830e-01 -8.50534491e-01 -7.22056533e-01
  -4.65100617e-01 -3.68742148e-01 -4.16921383e-01 -2.88443425e-01
  -3.14875088e-02  8.09307044e-02  1.45169683e-01  3.27514702e-02
  -1.43905722e-01 -3.52682404e-01 -1.76025211e-01 -7.96667430e-02
  -4.97220106e-01 -6.41757809e-01 -1.10749041e+00 -1.20384887e+00]
 [-9.95072193e-01 -1.54110351e+00 -1.38050607e+00 -9.95072193e-01
  -7.86295512e-01 -6.73877298e-01 -9.30833214e-01 -3.84801893e-01
  -7.96667430e-02 -3.84801893e-01 -4.97220106e-01 -3.52682404e-01
  -1.27845977e-01  4.88112149e-02  6.31980696e-04 -1.43905722e-01
  -3.68742148e-01 -6.57817554e-01 -4.16921383e-01 -7.96667430e-02
  -5.77518830e-01 -8.18415001e-01 -1.21990862e+00 -1.28414760e+00]
 [-9.79012448e-01 -1.47686454e+00 -1.36444632e+00 -1.10749041e+00
  -7.70235767e-01 -6.57817554e-01 -7.54176022e-01 -1.43905722e-01
   1.13050194e-01 -3.36622659e-01 -7.22056533e-01 -4.97220106e-01
  -6.36069983e-02  4.88112149e-02 -1.27845977e-01 -2.40264190e-01
  -4.65100617e-01 -8.50534491e-01 -8.34474746e-01 -3.04503169e-01
  -5.45399340e-01 -1.02719168e+00 -1.34838658e+00 -1.42868530e+00]
 [-1.26808785e+00 -9.79012448e-01 -8.02355256e-01 -1.25202811e+00
  -8.98713725e-01 -7.05996788e-01 -4.65100617e-01  1.66917254e-02
   1.61229428e-01 -1.11786232e-01 -8.18415001e-01 -6.73877298e-01
  -9.57264877e-02 -1.43905722e-01 -3.04503169e-01 -4.00861638e-01
  -6.89937043e-01 -1.05931117e+00 -1.07537092e+00 -6.89937043e-01
  -4.81160362e-01 -1.05931117e+00 -1.41262556e+00 -1.44474505e+00]
 [-1.34838658e+00  1.29109939e-01  8.03619218e-01 -6.57817554e-01
  -1.09143066e+00 -6.57817554e-01 -2.56323935e-01 -7.96667430e-02
  -4.75472535e-02 -1.59965467e-01 -9.30833214e-01 -8.66594235e-01
  -3.84801893e-01 -4.16921383e-01 -4.49040872e-01 -6.41757809e-01
  -9.30833214e-01 -1.04325143e+00 -9.95072193e-01 -9.95072193e-01
  -4.32981127e-01 -8.98713725e-01 -1.44474505e+00 -1.47686454e+00]
 [-6.57817554e-01  1.15693360e+00  1.81538314e+00  9.64216665e-01
  -4.65100617e-01 -7.22056533e-01 -4.32981127e-01 -5.77518830e-01
  -6.57817554e-01 -5.93578575e-01 -1.04325143e+00 -1.02719168e+00
  -5.29339596e-01 -5.29339596e-01 -5.93578575e-01 -8.50534491e-01
  -9.95072193e-01 -9.46892959e-01 -1.02719168e+00 -1.15566964e+00
  -5.29339596e-01 -8.50534491e-01 -1.44474505e+00 -1.47686454e+00]
 [ 8.03619218e-01  1.78326365e+00  1.95992084e+00  1.92780135e+00
   1.02845564e+00 -5.93578575e-01 -9.95072193e-01 -1.10749041e+00
  -1.17172939e+00 -1.07537092e+00 -1.21990862e+00 -9.46892959e-01
  -3.84801893e-01 -6.09638319e-01 -8.50534491e-01 -9.46892959e-01
  -9.46892959e-01 -1.01113194e+00 -1.15566964e+00 -1.12355015e+00
  -9.62952704e-01 -1.28414760e+00 -1.49292428e+00 -1.50898402e+00]
 [ 1.92780135e+00  1.99204033e+00  1.87962212e+00  1.78326365e+00
   1.84750263e+00  2.25468407e-01 -1.17172939e+00 -1.26808785e+00
  -1.38050607e+00 -1.39656581e+00 -1.26808785e+00 -5.45399340e-01
  -3.68742148e-01 -7.05996788e-01 -9.79012448e-01 -1.09143066e+00
  -1.09143066e+00 -1.01113194e+00 -1.07537092e+00 -8.18415001e-01
  -1.26808785e+00 -1.49292428e+00 -1.01113194e+00 -1.46080479e+00]
 [ 1.99204033e+00  1.94386109e+00  1.83144288e+00  1.83144288e+00
   2.04021956e+00  9.48156920e-01 -1.07537092e+00 -1.25202811e+00
  -1.55716326e+00 -1.49292428e+00 -7.54176022e-01 -1.54277640e-02
  -1.92084956e-01 -7.22056533e-01 -1.13960990e+00 -1.30020734e+00
  -1.25202811e+00 -1.18778913e+00 -8.02355256e-01  3.86065854e-01
  -8.50534491e-01 -1.34838658e+00  4.50304833e-01 -6.09638319e-01]
 [ 2.04021956e+00  1.99204033e+00  1.97598058e+00  1.95992084e+00
   2.00810007e+00  1.44600901e+00 -4.16921383e-01 -1.13960990e+00
  -1.60534249e+00 -1.47686454e+00 -6.89937043e-01 -5.77518830e-01
  -8.34474746e-01 -1.17172939e+00 -1.41262556e+00 -1.39656581e+00
  -1.34838658e+00 -1.12355015e+00  2.41528152e-01  1.55842722e+00
  -3.68742148e-01 -1.42868530e+00  7.07260749e-01  7.07260749e-01]
 [ 2.07233905e+00  1.92780135e+00  1.91174160e+00  1.91174160e+00
   1.87962212e+00  1.81538314e+00  9.16037431e-01 -8.02355256e-01
  -1.39656581e+00 -1.39656581e+00 -6.57817554e-01 -2.24204446e-01
  -6.41757809e-01 -9.14773469e-01 -9.95072193e-01 -9.46892959e-01
  -6.09638319e-01  3.05767131e-01  1.39782977e+00  1.81538314e+00
   1.61229428e-01 -1.46080479e+00  1.29109939e-01  1.33359079e+00]
 [ 2.00810007e+00  1.92780135e+00  1.89568186e+00  1.83144288e+00
   1.86356237e+00  1.89568186e+00  1.65478569e+00 -4.16921383e-01
  -1.46080479e+00 -1.39656581e+00  2.25468407e-01  1.60660645e+00
   1.23723233e+00  8.83917941e-01  7.07260749e-01  7.23320494e-01
   1.12481411e+00  1.60660645e+00  1.67084543e+00  1.67084543e+00
   6.59081515e-01 -1.42868530e+00 -4.81160362e-01  1.49418824e+00]
 [ 1.84750263e+00  1.83144288e+00  1.83144288e+00  1.76720390e+00
   1.89568186e+00  1.92780135e+00  1.91174160e+00  6.31980696e-04
  -1.63746198e+00 -1.39656581e+00  7.87559473e-01  2.12051829e+00
   2.02415982e+00  2.04021956e+00  1.89568186e+00  1.76720390e+00
   1.71902467e+00  1.75114416e+00  1.73508441e+00  1.78326365e+00
   9.96336155e-01 -1.20384887e+00 -4.00861638e-01  1.70296492e+00]
 [ 1.73508441e+00  1.60660645e+00  1.63872594e+00  1.63872594e+00
   1.81538314e+00  1.83144288e+00  1.86356237e+00  4.02125599e-01
  -1.58928275e+00 -1.31626709e+00  1.07663488e+00  2.07233905e+00
   2.02415982e+00  1.97598058e+00  1.89568186e+00  1.79932339e+00
   1.68690518e+00  1.70296492e+00  1.70296492e+00  1.78326365e+00
   1.22117258e+00 -8.82653980e-01  3.27514702e-02  1.73508441e+00]
 [ 1.70296492e+00  1.71902467e+00  1.65478569e+00  1.62266620e+00
   1.70296492e+00  1.60660645e+00  1.67084543e+00  6.43021770e-01
  -1.49292428e+00 -1.18778913e+00  1.15693360e+00  1.91174160e+00
   1.94386109e+00  1.83144288e+00  1.79932339e+00  1.75114416e+00
   1.68690518e+00  1.62266620e+00  1.47812850e+00  1.51024799e+00
   9.32097176e-01 -9.79012448e-01  2.09408662e-01  1.44600901e+00]
 [ 1.51024799e+00  1.81538314e+00  1.79932339e+00  1.78326365e+00
   1.65478569e+00  1.44600901e+00  1.49418824e+00  6.10902281e-01
  -1.39656581e+00 -1.38050607e+00  6.26962026e-01  1.55842722e+00
   1.70296492e+00  1.65478569e+00  1.57448697e+00  1.44600901e+00
   1.34965054e+00  1.33359079e+00  1.25329207e+00  1.33359079e+00
   4.66364578e-01 -1.18778913e+00  2.89707386e-01  1.25329207e+00]
 [ 1.52630773e+00  1.83144288e+00  1.71902467e+00  1.55842722e+00
   1.47812850e+00  1.42994926e+00  1.49418824e+00  5.94842536e-01
  -1.26808785e+00 -1.52504377e+00 -5.61459085e-01  9.32097176e-01
   1.47812850e+00  1.47812850e+00  1.42994926e+00  1.28541156e+00
   1.09269462e+00  1.02845564e+00  1.12481411e+00  1.22117258e+00
   9.69904491e-02 -1.25202811e+00  4.02125599e-01  1.18905309e+00]
 [ 1.76720390e+00  1.68690518e+00  1.42994926e+00  1.28541156e+00
   1.47812850e+00  1.39782977e+00  1.33359079e+00  6.26962026e-01
  -1.02719168e+00 -4.16921383e-01 -8.82653980e-01 -7.86295512e-01
   2.09408662e-01  9.48156920e-01  1.31753105e+00  1.26935182e+00
   1.14087386e+00  1.09269462e+00  1.02845564e+00  8.83917941e-01
  -4.65100617e-01 -1.21990862e+00  3.86065854e-01  1.15693360e+00]
 [ 1.73508441e+00  1.63872594e+00  1.54236748e+00  1.52630773e+00
   1.67084543e+00  1.46206875e+00  1.34965054e+00  7.87559473e-01
  -1.02719168e+00  2.09408662e-01  3.05767131e-01 -1.09143066e+00
  -1.23596836e+00  3.27514702e-02  1.10875437e+00  1.14087386e+00
   1.06057513e+00  1.07663488e+00  1.01239590e+00  5.30603557e-01
  -6.57817554e-01 -7.22056533e-01  1.93348918e-01  8.03619218e-01]
 [ 1.83144288e+00  1.76720390e+00  1.71902467e+00  1.70296492e+00
   1.57448697e+00  1.36571028e+00  1.30147130e+00  6.75141260e-01
  -1.10749041e+00 -6.36069983e-02  9.32097176e-01 -1.27845977e-01
  -1.13960990e+00 -4.65100617e-01  6.43021770e-01  8.35738707e-01
   1.07663488e+00  9.96336155e-01  7.71499728e-01  3.37886620e-01
   1.66917254e-02  2.73647641e-01  5.46663302e-01  5.62723047e-01]][[-1.10749041 -1.04325143 -1.21990862 -1.36444632 -1.39656581 -1.30020734
  -1.23596836 -1.26808785 -0.91477347 -0.5293396   0.20940866  0.8678582
   1.10875437  1.09269462  1.07663488  0.93209718  0.691201    0.5466633
   0.11305019 -0.15996547 -0.28844342 -0.36874215  0.09699045  0.24152815]
 [-1.2841476  -1.25202811 -1.26808785 -1.2841476  -1.33232683 -1.1396099
  -0.89871372 -0.85053449 -0.80235526 -0.75417602 -0.73811628 -0.46510062
   0.46636458  0.98027641  1.02845564  0.8678582   0.64302177  0.2575879
  -0.28844342 -0.62569806 -0.77023577 -1.02719168 -0.83447475 -0.59357857]
 [-1.10749041 -1.39656581 -1.30020734 -1.09143066 -1.1396099  -1.07537092
  -0.77023577 -0.59357857 -0.56145909 -0.41692138 -0.40086164 -0.68993704
  -0.57751883  0.16122943  0.38606585  0.28970739  0.30576713  0.24152815
  -0.30450317 -0.94689296 -0.94689296 -1.18778913 -1.23596836 -1.01113194]
 [-1.17172939 -1.52504377 -1.38050607 -0.91477347 -0.86659424 -0.86659424
  -0.91477347 -0.93083321 -0.72205653 -0.54539934 -0.41692138 -0.36874215
  -0.38480189 -0.22420445 -0.17602521 -0.27238368 -0.12784598 -0.07966674
  -0.28844342 -0.80235526 -0.91477347 -1.05931117 -1.30020734 -1.30020734]
 [-1.25202811 -1.49292428 -1.18778913 -0.83447475 -0.86659424 -0.83447475
  -1.04325143 -0.89871372 -0.59357857 -0.49722011 -0.60963832 -0.54539934
  -0.36874215 -0.33662266 -0.33662266 -0.49722011 -0.56145909 -0.72205653
  -0.62569806 -0.60963832 -0.89871372 -0.89871372 -1.26808785 -1.34838658]
 [-1.01113194 -1.4286853  -1.12355015 -0.88265398 -1.04325143 -0.93083321
  -1.1396099  -0.59357857 -0.30450317 -0.60963832 -0.70599679 -0.60963832
  -0.46510062 -0.36874215 -0.48116036 -0.65781755 -0.77023577 -0.99507219
  -0.85053449 -0.57751883 -0.9629527  -1.04325143 -1.31626709 -1.36444632]
 [-1.01113194 -1.47686454 -1.26808785 -1.09143066 -1.01113194 -0.91477347
  -0.99507219 -0.43298113 -0.2081447  -0.65781755 -0.94689296 -0.75417602
  -0.40086164 -0.36874215 -0.59357857 -0.6738773  -0.80235526 -1.12355015
  -1.18778913 -0.75417602 -0.94689296 -1.25202811 -1.4286853  -1.46080479]
 [-1.2841476  -1.20384887 -1.12355015 -1.47686454 -1.07537092 -0.93083321
  -0.73811628 -0.30450317 -0.24026419 -0.5293396  -1.07537092 -0.93083321
  -0.43298113 -0.56145909 -0.75417602 -0.75417602 -0.93083321 -1.21990862
  -1.31626709 -1.07537092 -0.89871372 -1.31626709 -1.49292428 -1.47686454]
 [-1.36444632 -0.3526824   0.04881121 -1.1396099  -1.21990862 -0.85053449
  -0.54539934 -0.43298113 -0.49722011 -0.60963832 -1.17172939 -1.10749041
  -0.72205653 -0.83447475 -0.88265398 -0.91477347 -1.05931117 -1.10749041
  -1.1396099  -1.30020734 -0.85053449 -1.17172939 -1.52504377 -1.49292428]
 [-1.04325143  0.32182688  0.73938024  0.11305019 -0.9629527  -1.04325143
  -0.6738773  -0.77023577 -0.88265398 -0.85053449 -1.15566964 -1.18778913
  -0.83447475 -0.88265398 -0.94689296 -1.10749041 -1.12355015 -0.99507219
  -1.07537092 -1.33232683 -0.86659424 -0.97901245 -1.34838658 -1.38050607]
 [-0.03148751  0.64302177  0.72332049  0.78755947  0.11305019 -1.12355015
  -1.21990862 -1.15566964 -1.18778913 -1.1396099  -1.26808785 -1.1396099
  -0.73811628 -0.94689296 -1.1396099  -1.1396099  -1.07537092 -1.09143066
  -1.21990862 -1.2841476  -1.20384887 -1.30020734 -1.38050607 -1.39656581]
 [ 0.89997769  0.75543998  0.57878279  0.53060356  0.77149973 -0.44904087
  -1.50898402 -1.33232683 -1.38050607 -1.44474505 -1.4286853  -0.83447475
  -0.75417602 -1.05931117 -1.17172939 -1.05931117 -1.05931117 -1.09143066
  -1.33232683 -1.17172939 -1.47686454 -1.58928275 -1.23596836 -1.573223  ]
 [ 0.77149973  0.62696203  0.49848407  0.51454381  0.83573871  0.14516968
  -1.49292428 -1.34838658 -1.49292428 -1.46080479 -0.89871372 -0.28844342
  -0.48116036 -0.89871372 -1.1396099  -1.09143066 -1.1396099  -1.34838658
  -1.30020734 -0.24026419 -1.10749041 -1.52504377 -0.14390572 -1.05931117]
 [ 0.70726075  0.691201    0.70726075  0.65908152  0.72332049  0.53060356
  -0.89871372 -1.23596836 -1.46080479 -1.31626709 -0.77023577 -0.78629551
  -1.02719168 -1.21990862 -1.31626709 -1.26808785 -1.41262556 -1.49292428
  -0.51327985  0.64302177 -0.77023577 -1.573223   -0.04754725 -0.063607  ]
 [ 0.73938024  0.70726075  0.73938024  0.691201    0.59484254  0.73938024
   0.27364764 -0.97901245 -1.26808785 -1.21990862 -0.86659424 -0.62569806
  -1.02719168 -1.17172939 -1.15566964 -1.21990862 -1.04325143 -0.36874215
   0.45030483  0.67514126 -0.48116036 -1.49292428 -0.57751883  0.28970739]
 [ 0.72332049  0.77149973  0.83573871  0.70726075  0.56272305  0.62696203
   0.78755947 -0.75417602 -1.41262556 -1.33232683 -0.33662266  0.78755947
   0.38606585  0.12910994  0.04881121 -0.01542776  0.30576713  0.65908152
   0.57878279  0.37000611 -0.19208496 -1.31626709 -1.01113194  0.2575879 ]
 [ 0.61090228  0.67514126  0.73938024  0.62696203  0.64302177  0.64302177
   0.83573871 -0.49722011 -1.62140224 -1.39656581 -0.063607    0.98027641
   0.88391794  0.88391794  0.78755947  0.67514126  0.61090228  0.61090228
   0.5466633   0.48242432  0.11305019 -1.18778913 -0.83447475  0.49848407]
 [ 0.51454381  0.4021256   0.43424509  0.41818534  0.61090228  0.64302177
   0.70726075 -0.22420445 -1.54110351 -1.2841476   0.20940866  0.91603743
   0.80361922  0.691201    0.61090228  0.56272305  0.46636458  0.48242432
   0.46636458  0.56272305  0.41818534 -1.10749041 -0.41692138  0.67514126]
 [ 0.49848407  0.49848407  0.45030483  0.41818534  0.51454381  0.48242432
   0.48242432 -0.03148751 -1.49292428 -1.1396099   0.53060356  0.88391794
   0.691201    0.53060356  0.57878279  0.56272305  0.48242432  0.41818534
   0.2575879   0.35394636  0.17728917 -1.26808785 -0.27238368  0.43424509]
 [ 0.33788662  0.64302177  0.62696203  0.61090228  0.51454381  0.33788662
   0.30576713 -0.09572649 -1.47686454 -1.36444632  0.2575879   0.73938024
   0.49848407  0.41818534  0.46636458  0.32182688  0.20940866  0.19334892
   0.11305019  0.24152815 -0.22420445 -1.49292428 -0.24026419  0.24152815]
 [ 0.4021256   0.70726075  0.57878279  0.41818534  0.37000611  0.33788662
   0.30576713 -0.15996547 -1.44474505 -1.63746198 -0.83447475  0.35394636
   0.5466633   0.41818534  0.4021256   0.20940866  0.01669173 -0.04754725
   0.03275147  0.19334892 -0.5293396  -1.54110351 -0.17602521  0.19334892]
 [ 0.65908152  0.57878279  0.33788662  0.17728917  0.4021256   0.32182688
   0.14516968 -0.15996547 -1.2841476  -0.64175781 -1.23596836 -1.1396099
  -0.27238368  0.19334892  0.30576713  0.2575879   0.14516968  0.09699045
   0.03275147 -0.063607   -1.04325143 -1.54110351 -0.24026419  0.20940866]
 [ 0.62696203  0.56272305  0.46636458  0.43424509  0.61090228  0.41818534
   0.16122943 -0.03148751 -1.34838658 -0.14390572 -0.27238368 -1.2841476
  -1.21990862 -0.41692138  0.0809307   0.14516968  0.09699045  0.12910994
   0.04881121 -0.36874215 -1.17172939 -1.05931117 -0.44904087 -0.12784598]
 [ 0.72332049  0.691201    0.65908152  0.64302177  0.53060356  0.37000611
   0.24152815 -0.07966674 -1.46080479 -0.44904087  0.20940866 -0.44904087
  -1.1396099  -0.86659424 -0.30450317 -0.11178623  0.17728917  0.0809307
  -0.12784598 -0.5293396  -0.60963832 -0.22420445 -0.17602521 -0.3526824 ]]