[[0.         0.         0.         0.         0.         0.
  0.         0.         0.         0.         0.         0.        ]
 [0.         0.         0.         0.         0.         0.
  0.         0.         0.         0.         0.         0.        ]
 [0.         0.         0.         0.         0.         0.
  0.         0.         0.         0.         0.         0.        ]
 [0.         0.         0.         0.         0.         0.
  0.         1.08807417 0.         0.         0.         0.        ]
 [0.         0.         0.         0.         0.         0.
  0.         0.         0.         0.         0.         0.        ]
 [0.         0.         0.         0.         0.         0.
  0.         0.         0.         0.         0.         0.        ]
 [1.41057771 0.         0.         0.         0.         0.
  0.         0.         0.         0.         0.         0.        ]
 [0.         0.         0.         0.         0.         0.
  0.         0.         0.         0.         0.         0.        ]
 [0.         1.19281541 0.         0.         0.         0.
  0.         0.         0.         0.         0.         0.        ]
 [0.         0.58477749 0.         0.         0.         0.
  0.         0.         0.         0.         0.         0.        ]
 [0.         0.04806154 0.         0.         0.         0.
  0.         0.         0.         0.         0.         0.        ]
 [0.71593093 2.29555288 4.03376705 0.         0.         0.
  0.         0.         2.05201061 3.10370088 0.         0.        ]][[0.         0.         0.88567545 0.49277426 0.         0.
  0.         0.         0.         0.         0.         0.        ]
 [0.         0.         0.         0.         0.         0.
  0.         0.         0.         0.         0.         0.        ]
 [0.         0.         0.         0.         0.         0.
  0.         0.         0.         0.         0.         0.        ]
 [0.         0.         0.         0.         0.         0.
  0.         0.         0.         0.         0.         0.        ]
 [0.         0.         0.         0.         0.         0.
  0.         0.         0.         0.         0.         0.        ]
 [0.         0.         0.         0.         0.         0.
  0.         0.         0.         0.         0.         0.        ]
 [0.         0.         0.         0.         0.         0.
  0.         0.         0.         0.         0.         0.        ]
 [0.         0.         0.         0.         0.         0.
  0.         0.         0.         0.         0.         0.        ]
 [0.         0.         0.         0.         0.         0.
  0.         1.18512452 0.         0.         0.         0.        ]
 [0.         0.         0.         0.         0.         0.
  0.         0.79759154 0.         0.         0.         0.        ]
 [0.         0.         0.         0.         0.         0.
  0.         0.         0.         0.         0.         0.        ]
 [0.         0.         0.         0.         0.         0.
  0.         0.         0.         0.         0.         0.        ]][[1.97816915 0.         0.         0.         0.         0.
  0.         0.         0.28193175 0.         0.         0.        ]
 [1.26871954 0.         0.         0.         0.         0.
  0.         0.         0.         0.         0.         0.        ]
 [3.84183131 0.         0.         0.         0.         0.
  0.         0.         0.         0.         0.         0.        ]
 [4.97928156 0.         0.         0.         0.         0.
  0.         0.         0.         0.         0.         0.        ]
 [5.45798952 0.         0.         0.         0.         0.
  0.         0.         1.72055709 0.21556653 0.         0.        ]
 [5.1153238  0.         0.         0.         0.         0.
  0.         1.93029308 4.365114   0.74543422 0.         0.        ]
 [1.89216783 0.         0.         0.         0.         0.
  0.         2.9068501  5.17637943 0.         0.         0.        ]
 [0.00703484 0.         0.         0.         0.         0.
  0.         0.         0.94221503 0.         0.         0.        ]
 [0.70088695 0.         0.         0.         0.         0.
  0.         0.         0.         0.         0.         0.        ]
 [0.68692588 0.         0.         0.         0.         0.
  0.         0.         0.         0.         0.         0.        ]
 [0.77218009 0.         0.9386641  0.         0.         0.
  0.         0.         0.         0.55325455 0.         0.        ]
 [0.26592032 0.         0.         0.         0.         0.
  0.         0.         0.         0.         0.         0.        ]][[2.74829495 3.6297348  0.86254786 1.18312077 1.2115666  0.
  0.         0.         0.         0.         0.         0.        ]
 [0.         0.         0.         0.         0.         0.
  0.         0.         0.         0.         0.         0.        ]
 [1.69412688 0.         0.         0.         0.         0.
  0.         1.37417799 0.         0.         0.         0.        ]
 [1.94685322 0.         0.         0.         0.         0.2990217
  0.         1.09419702 0.47291482 0.         0.         0.        ]
 [0.         0.         0.         0.         0.         0.66930269
  0.27524632 0.19710534 0.         0.         0.         0.        ]
 [0.         0.         0.         0.         0.         1.97365851
  0.27226355 0.         0.         0.         0.         0.        ]
 [0.         0.         0.         0.         0.         1.99497278
  0.         0.         0.         0.         0.         0.        ]
 [0.         0.         0.         0.         0.         0.
  0.         0.         0.         0.         0.         0.        ]
 [0.         0.         0.         0.         0.         0.
  0.         0.         0.         0.         0.         0.        ]
 [0.         0.         0.         0.         0.         0.
  0.         0.         0.         0.         0.         0.        ]
 [0.         0.         0.         0.         0.         0.
  0.         0.         0.         0.         0.         0.        ]
 [0.         0.         0.         0.         0.         0.
  0.         0.         0.         0.         0.         0.        ]][[2.81013031e+00 6.97442132e-01 4.36821108e-01 6.12200469e-01
  0.00000000e+00 0.00000000e+00 2.30153101e+00 6.41352927e-01
  1.45617841e-01 0.00000000e+00 0.00000000e+00 4.75650894e+00]
 [7.33847737e-01 0.00000000e+00 0.00000000e+00 0.00000000e+00
  0.00000000e+00 1.35659228e+00 1.98594283e+00 0.00000000e+00
  0.00000000e+00 0.00000000e+00 0.00000000e+00 3.30382213e+00]
 [0.00000000e+00 0.00000000e+00 0.00000000e+00 0.00000000e+00
  0.00000000e+00 0.00000000e+00 0.00000000e+00 0.00000000e+00
  0.00000000e+00 0.00000000e+00 0.00000000e+00 3.82268401e+00]
 [0.00000000e+00 0.00000000e+00 0.00000000e+00 0.00000000e+00
  0.00000000e+00 6.64475016e-01 2.22838311e-01 0.00000000e+00
  0.00000000e+00 0.00000000e+00 0.00000000e+00 4.21804648e+00]
 [0.00000000e+00 0.00000000e+00 0.00000000e+00 0.00000000e+00
  0.00000000e+00 0.00000000e+00 0.00000000e+00 0.00000000e+00
  0.00000000e+00 0.00000000e+00 0.00000000e+00 1.33855593e+00]
 [0.00000000e+00 0.00000000e+00 0.00000000e+00 0.00000000e+00
  0.00000000e+00 0.00000000e+00 0.00000000e+00 0.00000000e+00
  0.00000000e+00 0.00000000e+00 0.00000000e+00 8.98951641e-01]
 [0.00000000e+00 0.00000000e+00 0.00000000e+00 0.00000000e+00
  0.00000000e+00 0.00000000e+00 0.00000000e+00 0.00000000e+00
  0.00000000e+00 0.00000000e+00 0.00000000e+00 1.27082874e+00]
 [0.00000000e+00 0.00000000e+00 0.00000000e+00 0.00000000e+00
  0.00000000e+00 0.00000000e+00 0.00000000e+00 0.00000000e+00
  0.00000000e+00 0.00000000e+00 0.00000000e+00 4.55846378e-01]
 [0.00000000e+00 0.00000000e+00 0.00000000e+00 0.00000000e+00
  0.00000000e+00 0.00000000e+00 0.00000000e+00 0.00000000e+00
  0.00000000e+00 0.00000000e+00 0.00000000e+00 0.00000000e+00]
 [0.00000000e+00 0.00000000e+00 0.00000000e+00 0.00000000e+00
  0.00000000e+00 0.00000000e+00 0.00000000e+00 0.00000000e+00
  0.00000000e+00 0.00000000e+00 0.00000000e+00 0.00000000e+00]
 [0.00000000e+00 0.00000000e+00 0.00000000e+00 0.00000000e+00
  0.00000000e+00 0.00000000e+00 0.00000000e+00 0.00000000e+00
  0.00000000e+00 0.00000000e+00 0.00000000e+00 1.73000967e+00]
 [0.00000000e+00 1.06265006e+00 0.00000000e+00 0.00000000e+00
  3.25020209e-03 2.71775173e+00 3.91843792e+00 3.08809601e+00
  2.55192820e+00 0.00000000e+00 1.19527262e+00 3.95677517e+00]][[0.         0.07178431 1.81213943 2.44760346 2.21618727 1.13807915
  1.06151918 1.02176727 0.15863545 1.21880062 1.30192717 0.        ]
 [0.         0.         0.         0.         0.         0.
  0.         0.         0.         0.         0.         0.        ]
 [0.         0.         0.         0.         0.         0.
  0.         0.         0.         0.         0.20286089 1.41705248]
 [0.         0.         0.         0.         1.39212032 1.48278283
  0.46966572 0.         0.         0.34933897 1.51365721 1.93534551]
 [0.         0.         0.         0.         1.19837526 1.81263315
  0.87133887 0.40010561 0.20712797 1.60926856 2.62815623 0.89655545]
 [0.         0.         0.         0.         0.         0.
  0.         0.         0.06670478 1.56834293 1.0421075  0.        ]
 [0.         0.         0.         0.         0.         0.
  0.         0.         0.         3.63002083 0.         0.        ]
 [1.87513015 0.         0.         0.         0.         0.
  0.         0.         0.         1.47227276 0.04644076 0.        ]
 [1.99778174 0.         0.68951574 1.64571346 0.         0.
  0.         0.         0.         2.24802415 3.72182559 0.        ]
 [1.9675554  0.         2.99860029 3.21946479 0.38434795 0.
  0.         0.         0.21460605 3.76550086 5.40098901 0.        ]
 [3.20685804 0.         3.77832794 1.54846364 0.         0.
  0.         0.18977369 0.32050572 3.73153931 4.85744397 0.        ]
 [1.16093356 0.         1.19265356 0.0199965  0.         0.
  0.         1.42444634 1.25856417 1.05099864 1.01219054 0.        ]][[0.         0.         0.         0.         0.         0.
  0.         0.         0.         0.         0.         0.        ]
 [0.         0.         0.         0.         0.         0.
  0.         0.         0.         0.         0.         0.        ]
 [0.         0.         0.         0.         0.         0.
  0.38366682 1.48612974 0.10001033 1.23429987 0.63935797 0.        ]
 [0.         0.         0.         2.10208413 0.1752497  0.
  0.1206229  0.91250556 0.         0.78759471 0.1662354  0.        ]
 [0.         0.         0.         0.02410184 0.         0.
  0.87690467 2.12141141 0.32127286 0.         0.         0.        ]
 [0.         0.         0.         0.         0.         0.43096579
  2.71591064 2.83066244 1.1531244  0.         0.         0.        ]
 [0.         0.         0.         0.         0.         0.
  1.02088479 0.31226444 0.         0.         0.         0.        ]
 [0.         0.         0.         0.         0.         0.
  0.         0.         0.         0.         0.         0.        ]
 [0.         0.         0.         0.         0.         0.
  0.         0.         0.         0.         0.         0.        ]
 [0.         0.         0.         0.         0.         0.
  0.         0.         0.         0.         0.         0.        ]
 [0.         0.         0.         0.         0.         0.
  0.         0.         0.         0.         0.         0.        ]
 [0.         0.         0.         0.         0.         0.
  0.         0.         0.         0.         0.         0.        ]][[2.28344226 0.         0.         0.         0.         0.
  0.30562365 1.18979006 2.06547499 1.79967211 1.43073131 0.9360268 ]
 [0.         0.         0.         0.         0.         0.
  0.         0.         0.         0.         0.         0.        ]
 [0.28755292 0.         0.         0.         0.         0.
  0.         0.92866194 0.         0.         0.         0.        ]
 [0.         0.         0.         0.         0.         0.
  0.7978245  0.56672911 0.         0.         0.         0.        ]
 [0.         0.         0.         0.         0.         0.
  0.         0.         0.         0.         0.         0.        ]
 [0.         0.         0.         0.         0.         0.
  0.         0.         0.         0.         0.         0.        ]
 [0.         0.         0.         0.         0.         0.
  0.         0.         0.         0.         0.         0.        ]
 [3.04620746 0.         0.         0.         0.         0.
  0.         0.         0.         0.         0.         0.        ]
 [3.31745682 0.         0.         0.         0.         0.
  0.         0.         0.         0.         0.         0.        ]
 [3.21525887 0.         0.         0.         0.         0.
  0.         0.         0.         0.         0.         0.        ]
 [2.47734211 0.         0.         0.         0.         0.
  0.         0.         0.         0.         0.         0.        ]
 [5.66960217 0.65651971 0.         0.         0.         0.
  0.         0.13389719 1.93701178 0.         0.         0.        ]][[0.         0.         0.         0.48193249 3.69012759 0.43208072
  0.         0.         0.         0.40627056 1.36676792 0.        ]
 [0.80675674 0.         0.         0.         0.         1.70180432
  0.51758471 0.         0.         0.         0.         0.06821255]
 [0.55568684 0.53928039 0.         0.         0.         0.
  0.         0.         0.         0.         0.         0.        ]
 [0.         6.94058701 1.14879911 0.         0.         0.
  0.         0.         0.         0.         0.         0.        ]
 [0.         7.5093546  5.81380772 0.         0.         0.
  0.         0.         0.         0.         0.         0.        ]
 [0.         4.1489921  7.25874851 0.47931678 0.         0.
  0.         0.         0.         0.         0.32533582 0.        ]
 [0.         0.         6.32754691 2.80486806 0.         0.
  0.         0.         0.         0.         0.8686099  0.        ]
 [0.         0.         3.01470619 1.44732819 0.         0.
  0.         0.         0.         0.         0.         0.        ]
 [0.         0.         0.         1.90049437 0.         0.
  0.         0.         0.         0.         0.         0.        ]
 [0.         0.         0.         1.88350496 5.58093027 0.08508837
  0.         0.         0.         0.         0.         0.        ]
 [0.         0.         0.         0.         6.98079505 7.94907381
  0.44717673 0.         0.         0.         0.         0.        ]
 [0.         0.         0.         0.         2.24204711 6.24141749
  4.39756782 0.         0.         0.         0.         1.29304557]][[0.         0.         0.         0.         1.02593138 2.54027625
  2.84795456 1.96919497 0.         0.         0.         1.43752053]
 [0.         0.         0.         0.         0.         0.
  0.         0.         0.         0.         0.         0.        ]
 [0.         0.         0.         0.         0.         0.
  0.         0.         0.08896583 0.         0.         0.        ]
 [0.         0.         0.         0.         0.         0.
  0.         0.         0.         0.         0.         0.        ]
 [0.         0.         0.         0.         0.         0.
  0.         0.         0.         0.         0.         0.        ]
 [0.         0.         0.         0.         0.         0.
  0.         0.         0.         0.         0.         0.        ]
 [0.         0.22260672 1.69499657 0.         0.         0.
  0.         0.         0.         0.         0.         0.        ]
 [0.         0.         3.25986838 0.         0.         0.
  0.         0.         0.         2.68913289 0.         0.        ]
 [0.         0.         3.44459572 0.         0.         0.
  0.         0.         0.07497598 4.46655876 0.         0.        ]
 [0.         0.         0.07145155 0.         0.         0.
  0.62262495 0.         0.         0.         0.         0.        ]
 [0.         0.         0.         0.         0.         0.
  1.00987615 0.         0.         0.         0.         0.        ]
 [0.76067467 0.         0.99889202 0.         0.         0.
  0.         0.         0.88927383 0.         0.         0.        ]][[0.         2.02939415 1.12116327 0.         0.         0.
  0.80983206 0.         0.         0.         0.         2.75212309]
 [0.         0.         0.         0.         0.         0.
  0.         0.         0.         0.         0.         0.        ]
 [0.         0.         0.         0.         0.         0.
  0.         0.         0.         0.         0.         0.        ]
 [0.         0.         0.         0.         0.         0.
  1.31184964 0.         0.         0.         0.         0.65805379]
 [0.         0.         0.         0.         0.         0.
  1.28312169 0.         0.         0.         0.         2.84668115]
 [0.         0.         0.         0.         0.         0.
  0.         0.         0.         0.         0.         4.3189582 ]
 [0.         0.         0.         0.         0.         0.
  0.         0.         0.         0.         0.         1.65473994]
 [0.         0.         0.         0.         0.         0.
  0.         0.         0.         0.         0.         2.98151561]
 [0.         0.         0.         0.         0.         0.
  0.         0.         0.         0.         0.         2.28756244]
 [0.         0.         0.         0.         0.         1.59018276
  2.00404431 0.         0.         0.         0.         0.82715119]
 [0.         0.         0.         0.         0.         0.
  7.11885973 2.94458372 0.         0.         0.         0.95855182]
 [0.         0.         0.         0.         0.         0.
  0.         2.60938718 0.         0.         0.         0.        ]][[0.         0.         0.         0.         0.         0.
  0.         0.         0.         0.         0.         0.        ]
 [0.         0.         0.01899362 0.         1.18505797 0.
  0.         0.         0.         0.         0.         0.        ]
 [0.         0.         0.         0.         0.         0.
  0.29767603 0.63822199 0.         0.         0.         0.        ]
 [0.         0.         0.         0.         0.         0.
  0.         0.         0.         0.         0.         0.        ]
 [0.         0.         0.         0.         0.         0.
  0.         0.         0.         0.         0.         0.        ]
 [0.         0.         0.         0.         0.         0.
  0.         0.         0.         0.         0.         0.        ]
 [0.         5.74536006 0.         0.         0.         0.
  0.         0.         0.         0.         0.         0.        ]
 [0.         6.97914618 0.         0.         0.         0.
  0.         0.         0.         0.         0.         0.        ]
 [0.         5.9100174  0.         0.         0.         0.
  1.13092226 0.         1.73668796 0.         0.         0.        ]
 [0.         2.72099411 3.80525291 0.         0.         0.
  0.         0.         3.0668655  0.         0.         0.        ]
 [0.         2.05610279 6.11893373 0.         0.         0.
  0.         0.         2.10448492 0.         0.         0.        ]
 [0.         1.06982167 3.74940921 0.         0.         0.
  0.         0.         0.66993821 0.         0.         0.        ]][[0.         0.         0.         0.         0.         0.
  0.         0.         0.         0.         0.         0.        ]
 [0.         0.         0.         0.         0.         0.
  0.         0.         0.         0.         0.         0.        ]
 [0.         0.89094226 0.         0.         0.         0.
  0.         0.         0.         0.         0.         0.        ]
 [0.         0.         0.         0.         0.         0.
  0.         0.         0.         0.         0.         0.        ]
 [0.         0.         0.         0.         0.         0.
  0.22968003 0.         0.         0.         0.         0.        ]
 [0.         0.         0.         0.         0.         0.00704544
  3.17537512 0.56192002 0.         0.         0.         0.        ]
 [0.39197032 0.         0.         0.         0.         0.
  0.61531818 0.         0.         0.         0.         0.        ]
 [0.63072706 0.         0.         0.         0.         0.
  0.         0.         0.         0.         0.         0.        ]
 [1.14134624 0.         0.         0.         0.         0.
  0.         0.08295173 0.         0.         0.         0.        ]
 [0.36506648 0.         0.         0.         0.         0.
  0.         0.81920929 0.         0.         0.         0.17770503]
 [1.14775408 0.         0.         0.         0.         0.
  0.         0.         0.         0.         0.         2.05605065]
 [1.82569789 0.00692456 0.         0.         0.         0.
  0.         0.         0.         0.60153331 3.60960135 2.70453746]][[0.         0.         0.         0.         0.         0.
  0.         0.         0.         0.         0.         0.        ]
 [0.         0.         0.         0.         0.         0.
  0.         0.         0.         0.         0.         0.        ]
 [1.19226115 0.         1.02275901 0.         0.         0.
  0.         0.         0.         0.         0.         0.        ]
 [0.         0.         1.44279843 5.4487707  1.52349676 0.64587554
  0.         0.05709278 0.         0.         0.         0.        ]
 [0.         0.         0.22333837 2.81919951 3.43343706 0.04074919
  0.         0.         0.         0.         0.         0.        ]
 [0.         0.         0.         1.10813718 0.07178463 0.
  0.         1.4679995  0.         0.         0.         0.        ]
 [0.         0.         0.         0.         0.         0.
  0.         0.         0.         0.         0.         0.        ]
 [0.         0.         0.         0.         0.         0.
  0.         0.         0.         0.         0.         0.        ]
 [0.         0.         0.         0.         0.         0.
  0.         0.         0.         0.         0.22382679 0.        ]
 [0.         0.         0.         0.         0.         0.
  0.         0.         0.         1.57137756 0.         0.        ]
 [0.         0.         0.         0.45449426 0.         0.
  0.         0.         0.         3.92434654 3.05271319 0.06535255]
 [0.         0.         0.         0.70059147 0.         0.
  0.         0.         0.         0.         0.16442477 0.        ]][[0.18741388 0.         1.39609207 2.76393208 2.92923158 1.75965097
  1.97330507 1.28660749 0.83060601 0.08940774 0.         0.        ]
 [0.         0.         0.         0.         0.         0.
  0.         0.         0.         0.         0.         0.        ]
 [0.         0.         0.         0.         0.         0.
  0.         0.         0.         0.         0.         0.        ]
 [0.         0.         0.         0.         0.         0.
  0.         0.         0.         0.         0.         0.        ]
 [0.         0.         0.         0.         0.         0.
  0.         0.         0.         0.         0.         0.        ]
 [0.         0.         0.         0.         0.         0.
  0.         0.         0.         0.         0.         0.        ]
 [0.74991166 0.         0.         0.         0.         0.
  0.         0.         0.         0.         0.         0.        ]
 [1.30519276 0.         0.         0.         0.         0.
  0.         0.         0.         0.         0.         0.        ]
 [1.31162058 0.         0.         0.         0.         0.
  0.         0.         0.         0.         0.         0.        ]
 [1.86274326 0.         0.         0.         0.         0.
  0.         0.         0.         0.         0.         0.        ]
 [2.79152827 0.         0.         0.         0.         0.
  0.         0.         0.         0.         0.         1.76374431]
 [0.         0.         0.10692183 0.         0.         0.
  0.         0.         0.         0.         0.         0.        ]][[0.         0.         0.         0.         0.         0.
  0.         0.         0.         0.         0.         0.        ]
 [0.         0.         0.         0.         0.         0.
  0.         0.23457539 0.27174928 0.         0.         0.        ]
 [0.         0.         0.         0.         0.80317554 0.75467258
  0.         0.         0.         0.         0.         0.        ]
 [0.         0.         0.         0.         0.1457944  0.
  0.         0.         0.         0.         0.         0.        ]
 [0.         1.27435773 0.         0.         0.         0.
  0.         0.         0.         0.         0.         0.        ]
 [0.         3.43918952 0.         0.         0.         0.
  0.         0.         0.         0.         0.         0.        ]
 [0.         2.09962224 0.         0.         0.         0.
  0.         0.         0.         0.         1.07753915 3.11342164]
 [0.         2.09558231 0.2436555  0.         0.         0.
  0.         0.         0.         2.34912999 4.40842831 5.6172606 ]
 [0.         1.2616217  0.94955804 0.         0.         0.
  0.         0.         3.64622591 2.33936873 3.20713904 5.86983805]
 [0.         0.15752891 0.         0.         0.         0.
  0.         0.         0.         0.         0.08228728 5.14867992]
 [0.         0.         0.         0.         0.         0.
  0.         0.         0.         0.         0.         3.35922757]
 [0.         1.03482756 0.         0.         3.96050429 0.81483479
  0.23921601 0.53273151 0.         0.         1.5776423  3.45505574]][[0.         0.         0.         0.         0.         0.
  0.         0.         0.         0.         0.         0.        ]
 [0.         0.         0.         0.         0.         0.
  0.         0.         0.         0.         0.         0.        ]
 [0.         0.         0.         0.         0.         0.
  0.         0.         0.         0.         0.         0.        ]
 [0.         0.         0.30641345 0.13974928 0.         0.
  0.         0.         0.         0.         0.         0.        ]
 [0.         0.         0.14017964 0.         0.         0.
  0.         0.         0.         0.         0.         0.        ]
 [0.         0.         0.04744389 0.         0.         0.
  0.         1.14367606 0.         0.         0.         0.        ]
 [0.         0.         0.         0.         0.         0.
  2.95968304 5.72023497 3.82757252 0.         0.         0.        ]
 [0.         0.         0.         0.         0.         0.
  0.         5.68385065 3.90207883 0.         0.         0.        ]
 [0.         0.         0.         0.         0.         0.
  0.         0.         0.         0.         0.         0.        ]
 [0.         0.         0.         0.         0.         0.
  0.         0.         0.         0.         0.         0.        ]
 [0.         0.         0.         0.         0.         0.
  0.         0.         0.         0.         0.         0.        ]
 [0.         0.         0.         0.         0.         0.
  0.         0.         0.         0.         0.         0.        ]][[0.         0.         0.         0.         0.         0.
  0.         0.         0.         0.         0.         0.        ]
 [0.         0.         2.12711864 0.         0.         0.
  0.         0.         0.         0.83120016 2.09139522 0.        ]
 [0.         0.         1.58692969 0.45871945 0.         1.50650964
  2.74541241 0.         0.         0.4109786  2.28789937 0.        ]
 [0.         0.         0.         2.93715948 1.41045736 0.
  0.         0.         0.         0.24662392 1.51992122 0.        ]
 [0.         0.         0.         0.         0.         0.
  0.         0.         0.         0.         0.         0.        ]
 [0.         0.         0.         0.         0.         0.
  0.         0.         0.         0.         0.         0.        ]
 [0.         1.07486733 0.         0.         0.         0.
  0.         0.         0.         0.         0.         0.        ]
 [0.         0.         0.         0.         0.         0.
  0.         0.         0.         0.         0.         0.        ]
 [0.         0.         0.77007671 0.         0.         0.
  0.18384737 0.         1.44801795 0.96002816 0.         0.        ]
 [0.         0.         0.69515972 0.         0.         0.
  0.         0.         0.21011892 0.         0.         0.        ]
 [0.         0.         0.         0.         0.         0.
  0.         0.         0.08397865 0.         0.         0.        ]
 [0.         0.         0.         0.         0.         0.
  0.         0.         0.         0.         0.         0.        ]][[1.13284889 0.         0.         0.         0.         0.
  0.         0.         0.         0.         0.         1.0738803 ]
 [0.         0.         0.         0.         0.         0.
  0.         0.         0.         0.         0.         1.41331783]
 [0.         0.         0.         0.         0.         0.
  0.         0.         0.         0.         0.         0.        ]
 [0.81631577 0.         0.         0.         0.         0.
  0.         0.         0.         0.         0.         0.        ]
 [0.4959158  0.         0.         0.         0.         0.
  0.         0.         0.         0.         0.34227389 0.        ]
 [0.         0.         0.91161525 0.         0.         0.
  0.         0.         0.         0.         0.         0.        ]
 [0.         0.         1.54803956 0.         0.         0.
  0.         0.         0.         0.         0.         0.        ]
 [0.         0.         0.12709532 0.         0.         0.
  0.         0.         0.         0.         0.         0.        ]
 [0.         0.         0.         0.         0.         0.
  0.         0.         0.48096263 0.         0.         0.        ]
 [0.         0.         0.         0.         0.         0.
  0.         0.         0.         0.         0.         0.        ]
 [0.         0.         0.         0.         0.         0.
  0.         0.         0.         0.         0.         0.        ]
 [0.         0.         0.         0.         0.         0.
  0.         0.         0.         0.         0.         0.        ]][[0.         0.         0.         0.         0.         0.
  0.         0.         0.         0.         0.         0.        ]
 [0.         0.         0.         0.55910324 0.         0.
  0.         0.         0.         0.         0.         0.        ]
 [0.05359463 0.         0.         0.         0.         0.
  0.         0.         0.22921867 0.         0.         0.        ]
 [0.         0.         0.         0.         0.         0.
  0.         0.         0.25723325 0.         0.         0.        ]
 [0.         0.         0.         0.         0.         0.
  0.         1.00064052 3.21214304 1.82514911 0.         0.        ]
 [0.         0.         0.         0.         0.04601466 0.
  0.         4.56453322 4.78298472 0.76126389 0.         0.        ]
 [0.         0.         0.         0.         0.         0.
  0.         1.13879736 0.40471405 0.         0.         0.        ]
 [0.05426188 0.         0.         0.         0.         0.
  0.         0.         0.         0.         0.         0.        ]
 [0.         0.         0.         0.         0.         0.
  0.         0.         0.         0.19635734 0.         0.        ]
 [0.         0.         0.         0.         0.         0.
  0.         0.         1.42796607 4.33720155 0.         0.        ]
 [0.         0.         1.69803584 0.         0.         0.
  0.         0.         3.1382771  4.83620739 0.         0.        ]
 [0.         0.         2.65469789 0.         0.         0.
  0.         0.         2.35539011 0.83425173 0.         0.        ]][[0.         0.08869805 0.30011918 1.1482703  1.47584693 1.83977239
  1.38235058 0.         0.         0.01090014 0.54877712 1.69933677]
 [0.         0.         0.         0.         0.         0.
  0.         0.         0.         0.         0.         0.        ]
 [0.         0.         0.         0.         0.         0.
  0.         0.         0.28999144 0.         0.         0.        ]
 [0.         0.         0.         0.         0.         0.
  0.02813008 1.1868467  0.         0.         0.         0.        ]
 [0.         0.         0.         0.         0.         0.
  0.         0.         0.         0.         0.57190155 0.        ]
 [0.         0.         0.         0.         0.         0.
  0.         0.         0.         0.         0.         0.        ]
 [0.         0.         0.         0.         0.         0.
  0.         0.         0.         0.         0.         0.        ]
 [0.         0.         0.         0.         0.         0.
  0.         0.         0.         0.         0.         0.        ]
 [0.         0.         0.70282482 0.         0.         0.
  0.         0.         0.         0.         0.         0.        ]
 [0.         0.         2.10316502 0.         0.         0.
  0.         0.         2.22665806 4.59298892 0.         0.        ]
 [0.         0.         2.1366214  0.         0.         0.
  0.82221793 0.         3.6707536  3.84087093 0.         0.        ]
 [0.         0.         3.65840953 0.         0.         0.
  0.         0.08461709 2.97500077 0.         0.         0.        ]][[0.         0.         0.         0.         0.         0.
  2.25518709 1.55527558 0.         0.         0.         0.        ]
 [0.         0.         1.11614977 0.60654134 0.         0.11160722
  1.37921957 0.3901824  0.         0.         0.         0.22502004]
 [0.         0.         0.         0.         0.         0.
  0.         0.         0.         0.         0.         0.        ]
 [0.         0.         0.         0.         0.         0.
  0.         0.         0.         0.         0.         0.        ]
 [0.         0.         0.         0.         0.         0.
  0.         0.         0.         0.         0.         0.        ]
 [0.         0.         0.         0.         0.         0.
  0.         0.         0.         0.         0.         0.        ]
 [0.         0.         0.         0.         0.         0.
  0.         0.         0.         0.         0.         0.        ]
 [0.         0.         0.         0.         0.         0.
  0.         1.56022371 0.         0.         0.         0.        ]
 [0.         0.         0.         0.         0.         0.
  0.         0.         0.         0.         0.         0.        ]
 [0.         0.         0.         0.         0.         0.
  0.         0.         0.         0.         0.         0.        ]
 [0.         0.         0.         0.         0.         0.
  0.         0.         0.         0.         0.         0.        ]
 [0.         0.         0.         0.         0.         0.
  2.41858881 2.86216843 1.38708454 0.61652743 0.         0.        ]][[0.         0.         0.         0.         0.         0.
  0.18299965 1.38612559 0.76556834 0.31125072 0.29715153 0.        ]
 [0.         0.         0.         0.         0.         0.
  0.         0.         0.         0.         0.         0.        ]
 [0.         0.         0.         0.72817809 0.22032564 0.02817039
  0.         0.         0.9257769  0.         0.         0.        ]
 [0.         0.         0.         0.         0.         0.
  0.         0.         0.         0.         0.         0.        ]
 [0.         0.         0.         0.         0.         0.
  0.         0.         0.         0.         0.         0.        ]
 [0.         0.         0.         0.         0.         0.
  0.         0.         0.         0.         0.         0.        ]
 [0.86229485 0.         0.         0.         0.         0.
  0.         0.         0.         0.         0.         0.        ]
 [2.61522481 0.         0.         0.         0.         0.
  0.         0.         0.         0.         0.         0.        ]
 [2.66750929 0.         0.         0.         0.         0.
  0.         0.         0.         0.         0.         0.        ]
 [3.04066601 0.         0.         0.         0.         0.
  0.         0.         0.         0.         0.         0.        ]
 [3.8098749  0.         0.76048789 0.         0.         0.
  0.         0.         0.         0.         0.         0.        ]
 [1.23109725 0.         0.         0.         0.         0.
  0.         0.         0.         0.         0.         0.        ]][[0.         0.         0.         0.         0.         1.00751947
  3.30443894 2.95910479 2.36735059 1.36610513 0.3184965  2.15027838]
 [0.         0.         0.         0.         0.         0.
  0.         0.         0.         0.         0.         0.        ]
 [0.         0.         0.         0.         0.         0.
  0.         0.         0.         0.         0.         0.        ]
 [0.         0.         0.         0.         0.         0.
  0.         0.         0.         0.         0.         0.        ]
 [0.         0.         0.         0.         0.         0.
  0.         0.         0.         0.         0.         0.        ]
 [0.         0.         0.         0.         0.         0.
  0.         0.         0.         0.         0.         0.        ]
 [0.         0.         0.         0.         0.         0.
  0.         0.         0.         0.         0.         0.        ]
 [0.         0.         0.         0.         0.         0.
  0.         0.         0.         0.         0.         0.        ]
 [0.         0.         0.         0.         0.         0.
  0.         0.         0.         0.         0.         0.        ]
 [0.         0.         0.         0.         0.         0.
  0.         0.         0.         0.         0.         0.        ]
 [0.         0.         0.         0.         0.         0.
  0.         0.         0.         0.         0.         0.        ]
 [0.         0.         0.         0.         0.         0.
  0.         0.         0.         0.         0.         0.        ]][[0.         0.         0.         0.         0.         0.
  0.         0.         0.         0.         0.         0.        ]
 [0.         0.         0.         0.         0.         0.
  0.         0.17279987 0.         0.         0.         0.        ]
 [0.2313729  0.         0.         0.         1.00905392 0.83582324
  0.87333007 1.14823256 0.58682933 0.02800283 0.         0.        ]
 [0.         0.         0.         0.46431604 0.         0.
  0.4047171  0.83683121 0.27426222 0.         0.         0.        ]
 [0.         0.         0.63637703 0.09903854 0.         0.07979351
  0.88577062 0.89544475 1.08221167 2.43935079 0.         0.        ]
 [2.97859094 2.1245814  0.68452448 0.         0.         1.63513034
  1.22779725 0.67312078 1.32716878 5.00387247 0.         0.        ]
 [2.8533448  1.47422817 0.         0.         0.         0.
  0.4768724  0.         0.         3.45633756 0.         0.        ]
 [1.53682148 0.         0.         0.         0.         0.
  0.         0.         0.         2.81763888 0.         0.        ]
 [2.3514183  0.         0.         0.         0.         0.
  2.01331114 1.5746691  1.73108052 0.82748012 0.         0.        ]
 [2.0438779  0.         0.         0.         0.         0.
  0.         2.54868986 0.         0.         0.         0.        ]
 [3.28608477 0.61447941 0.885268   0.         0.         0.
  0.         3.34450027 1.11697369 0.         0.         0.        ]
 [0.2003494  0.26185818 0.         0.         0.         0.
  0.         0.18580047 0.         0.         0.         0.        ]][[0.         0.         0.         0.         0.         0.
  0.         0.         0.         0.         0.         0.        ]
 [0.         0.         0.         0.         0.         0.
  0.         0.         0.         0.         0.         0.        ]
 [0.         0.         0.         0.         0.         0.
  0.49740276 0.         0.         0.         0.         0.        ]
 [0.         0.         0.         0.         0.         0.
  0.         0.         0.         0.         0.         0.        ]
 [0.         0.         0.         0.         0.         0.
  0.         0.         0.         0.         0.         0.        ]
 [0.         0.         0.         0.         0.         0.
  0.         0.         0.         0.         0.         0.        ]
 [0.         0.         0.         0.         0.         0.
  0.         0.         0.         0.         0.         0.        ]
 [0.         0.         0.         0.         0.         0.
  0.         0.         0.         0.         0.         0.        ]
 [0.         0.         0.         0.         0.         0.
  0.         0.37503754 0.         0.         0.         0.        ]
 [0.         0.         0.         0.         0.         0.
  0.         0.         0.         0.         0.         0.        ]
 [0.         0.         0.         0.         0.         0.
  0.         0.         0.         0.         0.         0.        ]
 [0.         0.         0.         0.         0.         0.
  0.         0.         0.         0.06586604 1.53577463 0.97364354]][[0.         0.         1.41767261 1.30350729 0.         0.
  0.         0.         0.         0.         0.         0.        ]
 [0.         0.52386788 0.50431931 0.         0.         0.
  0.         0.         0.         0.         0.         0.        ]
 [0.         0.         0.         0.         0.         0.
  0.         0.         0.         0.         0.         0.        ]
 [0.         0.         0.         0.         0.         0.
  0.         0.         0.         0.         0.         0.67886752]
 [0.         0.         0.         0.         0.         0.
  0.5575205  0.62274152 0.         0.         0.         0.        ]
 [0.         0.         0.         0.         0.         0.
  0.05836339 0.         0.         0.         0.         0.        ]
 [0.         0.         0.         0.         0.         0.
  0.         0.         0.         0.         0.         0.        ]
 [0.         0.         0.         0.         0.         0.
  0.         0.         0.         0.         0.         0.        ]
 [0.         0.         0.         0.         0.         0.
  0.         0.         0.         0.         0.         0.        ]
 [0.         0.         0.         0.         0.         0.
  0.         0.         0.         0.         0.         0.        ]
 [0.         0.         0.         0.         0.         0.
  0.         0.         0.         0.         0.         0.        ]
 [0.         0.         0.         0.         0.         0.
  0.         0.         0.         0.         0.         0.18520817]][[3.31482615 0.         0.         1.06095312 2.75369    0.550589
  0.         0.         0.24087683 1.68406637 0.52779621 0.97241407]
 [0.         0.         0.         0.         0.05567085 0.
  0.         0.         0.         0.         0.         0.        ]
 [2.00820083 0.         0.         0.71085098 0.01568834 0.
  0.         0.         0.36893855 0.         0.         0.87348241]
 [0.         0.         0.         0.         0.         0.
  0.         0.         0.         0.         0.         0.42694535]
 [0.         0.         0.         0.         0.         0.
  0.         0.         2.22275533 3.58960436 2.98242353 2.12879416]
 [0.         0.         0.         0.         0.         0.
  0.         0.         2.97705618 6.6020551  3.87779852 0.        ]
 [0.         0.         0.         0.         0.         0.
  0.         0.         0.         0.         0.         0.        ]
 [0.         0.         0.         0.         0.         0.
  0.         0.         0.         0.         0.         0.        ]
 [0.         0.         0.         0.         0.         0.
  0.         0.         0.         0.         0.         0.        ]
 [0.         0.         0.         0.         0.         0.
  0.         1.03897767 0.         0.         0.         0.        ]
 [0.         0.         0.         0.         0.         0.
  0.         0.         0.         0.         0.         0.        ]
 [0.30030816 0.         0.         0.         0.         0.
  0.         0.         0.         0.         0.         0.        ]][[0.         0.         0.         0.         0.         0.
  0.         0.         0.         0.         0.         0.        ]
 [0.         0.         0.         0.82113874 0.         0.
  0.         0.         0.         0.55308337 0.         0.        ]
 [0.         0.         0.         0.         0.         0.
  0.08676756 0.         0.20360349 0.         0.         1.19540842]
 [0.         0.         0.         0.         0.         0.0631249
  0.         0.         0.28257865 0.         0.         0.67913737]
 [0.         0.         0.         0.         0.18289165 0.
  0.         0.         0.02345305 0.         0.         0.        ]
 [0.         0.         0.         0.         1.63122969 0.
  0.         0.         0.         0.         0.         0.        ]
 [0.         0.         0.         0.         2.91345882 0.
  0.         0.         0.         0.         0.         0.        ]
 [0.         0.         0.         0.         0.         0.
  0.         0.         0.         0.         0.         0.        ]
 [0.         0.         0.         2.39299314 3.51619424 0.
  0.         0.         0.         0.         0.         1.96294845]
 [0.         0.         0.         3.45137278 1.30158749 0.
  0.         0.         0.         0.63376016 1.61497545 2.86477314]
 [0.         0.         0.         0.         0.         0.
  0.         0.         0.         0.1267777  1.07715953 0.        ]
 [0.         0.         0.89801887 1.6392336  0.         0.
  0.         0.         1.2301873  1.19596239 1.00676889 1.77274234]][[1.16104734e+00 0.00000000e+00 0.00000000e+00 0.00000000e+00
  0.00000000e+00 0.00000000e+00 0.00000000e+00 1.38572667e-02
  0.00000000e+00 0.00000000e+00 0.00000000e+00 0.00000000e+00]
 [8.00591430e-01 0.00000000e+00 0.00000000e+00 0.00000000e+00
  0.00000000e+00 0.00000000e+00 0.00000000e+00 0.00000000e+00
  0.00000000e+00 0.00000000e+00 0.00000000e+00 0.00000000e+00]
 [2.53988005e+00 0.00000000e+00 2.31147707e-01 1.11626112e-01
  0.00000000e+00 0.00000000e+00 0.00000000e+00 0.00000000e+00
  2.92395836e-03 0.00000000e+00 0.00000000e+00 0.00000000e+00]
 [0.00000000e+00 0.00000000e+00 0.00000000e+00 0.00000000e+00
  6.07813696e-01 1.91569881e-01 0.00000000e+00 0.00000000e+00
  2.61803864e-01 4.72065916e-01 6.59977689e-01 0.00000000e+00]
 [0.00000000e+00 0.00000000e+00 0.00000000e+00 0.00000000e+00
  0.00000000e+00 0.00000000e+00 0.00000000e+00 0.00000000e+00
  8.45467543e-01 1.58901790e+00 5.39670156e-01 0.00000000e+00]
 [0.00000000e+00 0.00000000e+00 0.00000000e+00 0.00000000e+00
  0.00000000e+00 0.00000000e+00 0.00000000e+00 0.00000000e+00
  0.00000000e+00 1.92806830e+00 0.00000000e+00 0.00000000e+00]
 [0.00000000e+00 0.00000000e+00 1.78755649e+00 0.00000000e+00
  0.00000000e+00 0.00000000e+00 0.00000000e+00 0.00000000e+00
  0.00000000e+00 0.00000000e+00 0.00000000e+00 0.00000000e+00]
 [0.00000000e+00 0.00000000e+00 2.16606317e+00 3.65893542e+00
  0.00000000e+00 0.00000000e+00 0.00000000e+00 0.00000000e+00
  0.00000000e+00 3.98582400e+00 4.68649790e+00 0.00000000e+00]
 [0.00000000e+00 0.00000000e+00 2.33715054e+00 7.37911767e+00
  4.91630785e-01 0.00000000e+00 0.00000000e+00 0.00000000e+00
  1.35321316e+00 9.05976217e+00 7.83148562e+00 0.00000000e+00]
 [0.00000000e+00 0.00000000e+00 2.81359381e+00 7.18017527e+00
  0.00000000e+00 0.00000000e+00 0.00000000e+00 2.28834032e-01
  1.70328991e+00 8.25295363e+00 6.30980716e+00 0.00000000e+00]
 [0.00000000e+00 0.00000000e+00 3.52791952e+00 4.64125215e+00
  0.00000000e+00 0.00000000e+00 0.00000000e+00 0.00000000e+00
  0.00000000e+00 3.36229796e+00 2.28567826e+00 0.00000000e+00]
 [0.00000000e+00 0.00000000e+00 1.01739931e+00 1.83183460e+00
  0.00000000e+00 0.00000000e+00 0.00000000e+00 0.00000000e+00
  0.00000000e+00 3.32964602e-02 0.00000000e+00 0.00000000e+00]][[1.41941728 1.23896665 0.         0.         0.         0.
  0.         0.         1.060295   0.72711885 0.         0.        ]
 [0.12011658 0.         0.         0.         0.         0.
  0.         0.         0.         0.         0.         0.        ]
 [0.         0.         0.         0.         0.         0.
  0.         0.         0.         0.         0.         0.        ]
 [0.         0.         0.22202691 0.46047945 0.         0.
  0.         0.         0.         0.         0.         0.        ]
 [0.         0.         1.25297179 2.37956467 0.         0.
  0.         0.         0.         0.         0.         0.        ]
 [0.         0.         0.         1.55404626 0.         0.
  0.         0.         0.         0.         0.         0.        ]
 [0.         0.         0.         0.         0.         0.
  0.         0.         0.         0.         0.         0.65121603]
 [0.         0.         0.         0.         0.         0.
  0.         0.         0.         0.         0.         0.        ]
 [0.         0.         0.         0.         0.         0.
  0.         0.         0.         0.         0.         0.        ]
 [0.         0.         0.         0.         0.         0.
  0.         0.         0.         0.         0.         0.        ]
 [0.         0.         0.         0.         0.         0.
  0.         0.         0.         0.         0.         0.        ]
 [0.         0.         0.         0.         0.12546388 3.29675363
  0.53557771 0.         0.         0.         0.         0.        ]][[0.         0.         0.         0.21014463 2.61742439 1.33703208
  0.         0.         0.         0.         0.         0.        ]
 [0.         0.         0.         0.         0.         0.26161498
  0.         0.         0.         0.         0.         0.        ]
 [0.         0.         0.         0.         0.         0.
  0.         0.         0.         0.         0.         0.        ]
 [0.         0.         0.         0.         0.         0.
  0.         0.         0.         0.         0.         0.        ]
 [0.         0.         0.         0.         0.         0.
  0.         0.         0.         0.         0.         0.        ]
 [0.         0.         0.         0.         0.         0.
  0.         0.         0.         0.         0.         0.        ]
 [1.06885868 3.05191656 1.00245523 0.         0.         0.
  0.         0.         0.         0.         0.         0.        ]
 [0.94587935 1.24853474 0.         0.         0.         0.
  0.         0.         0.         0.         0.         0.        ]
 [0.05419314 0.23914133 0.         0.         0.         0.
  0.         0.         0.         0.         0.         0.        ]
 [0.         0.         0.         0.         0.         0.
  0.17858578 1.10053719 0.         0.         0.         0.        ]
 [0.         0.         0.         0.         0.         0.
  4.89890972 1.91170585 0.         0.         0.         0.        ]
 [0.         0.         0.68809084 0.         0.         0.
  3.20783614 1.93950085 0.         0.         0.         0.        ]]