[[0.         0.         0.         0.         1.20452259 0.12205165]
 [0.         0.         0.         0.         0.         0.19457033]
 [0.         0.         0.         0.         0.         1.24919628]
 [0.         0.         0.         0.         0.06361676 3.63593708]
 [0.         0.         0.36416972 0.         0.         0.2279042 ]
 [0.         0.         0.         0.         0.         0.        ]][[0.         0.         0.         0.         0.         0.        ]
 [0.         0.         0.         0.         0.         0.        ]
 [0.         0.         0.         0.         0.         0.        ]
 [1.63702424 0.         0.         0.         3.42947463 0.        ]
 [2.82157484 0.         0.         0.         2.34381651 0.        ]
 [4.56213632 0.         0.         0.         0.94714174 0.        ]][[0.         0.         0.         0.         0.         0.        ]
 [0.         0.         0.         0.         0.         0.        ]
 [0.         0.         0.         0.         0.         0.        ]
 [0.         0.         0.         0.         0.         0.        ]
 [0.         2.61405956 0.         0.         0.         0.        ]
 [0.         4.94514688 0.         0.         0.         0.        ]][[0.         0.70340717 0.         0.         0.         0.        ]
 [0.         0.         0.         0.         0.         0.        ]
 [0.         0.         0.         0.         0.         0.        ]
 [0.         0.         0.         0.         0.         0.        ]
 [0.         0.         0.         0.         0.         0.        ]
 [0.         0.         0.         0.         0.         0.        ]][[0. 0. 0. 0. 0. 0.]
 [0. 0. 0. 0. 0. 0.]
 [0. 0. 0. 0. 0. 0.]
 [0. 0. 0. 0. 0. 0.]
 [0. 0. 0. 0. 0. 0.]
 [0. 0. 0. 0. 0. 0.]][[0.         0.         0.         0.         1.43002094 0.        ]
 [0.         0.         0.         0.         0.         0.        ]
 [0.         0.         0.         0.         0.         0.        ]
 [0.         0.         0.         0.         0.         0.        ]
 [0.         0.         0.         0.         0.         0.        ]
 [1.13575768 0.         0.         0.         0.         0.        ]][[0.         0.         0.         0.         0.         0.        ]
 [0.         0.         0.         0.         0.         0.        ]
 [0.         0.         0.         0.         0.         0.        ]
 [0.         0.         0.         0.         0.         0.        ]
 [0.         0.         0.         0.         0.         0.        ]
 [0.         0.         0.         0.         0.         0.66885985]][[0. 0. 0. 0. 0. 0.]
 [0. 0. 0. 0. 0. 0.]
 [0. 0. 0. 0. 0. 0.]
 [0. 0. 0. 0. 0. 0.]
 [0. 0. 0. 0. 0. 0.]
 [0. 0. 0. 0. 0. 0.]][[0. 0. 0. 0. 0. 0.]
 [0. 0. 0. 0. 0. 0.]
 [0. 0. 0. 0. 0. 0.]
 [0. 0. 0. 0. 0. 0.]
 [0. 0. 0. 0. 0. 0.]
 [0. 0. 0. 0. 0. 0.]][[0. 0. 0. 0. 0. 0.]
 [0. 0. 0. 0. 0. 0.]
 [0. 0. 0. 0. 0. 0.]
 [0. 0. 0. 0. 0. 0.]
 [0. 0. 0. 0. 0. 0.]
 [0. 0. 0. 0. 0. 0.]][[0. 0. 0. 0. 0. 0.]
 [0. 0. 0. 0. 0. 0.]
 [0. 0. 0. 0. 0. 0.]
 [0. 0. 0. 0. 0. 0.]
 [0. 0. 0. 0. 0. 0.]
 [0. 0. 0. 0. 0. 0.]][[0.         0.         0.         0.         0.         0.        ]
 [0.         0.         0.         0.         0.         0.        ]
 [0.         0.         0.         0.         0.         0.        ]
 [0.         0.         0.         0.         0.         0.75287471]
 [0.         0.         0.         0.         0.         0.        ]
 [0.         0.         0.         0.         0.         0.        ]][[0.         0.         0.         0.         0.         0.8300645 ]
 [0.5381446  0.         0.         0.         3.32515597 1.11330656]
 [0.         0.         0.         1.15225139 1.89845062 0.        ]
 [0.         0.         0.         0.         0.         0.        ]
 [0.         0.         0.         0.         0.         0.        ]
 [0.         0.         0.         0.         0.         0.        ]][[0. 0. 0. 0. 0. 0.]
 [0. 0. 0. 0. 0. 0.]
 [0. 0. 0. 0. 0. 0.]
 [0. 0. 0. 0. 0. 0.]
 [0. 0. 0. 0. 0. 0.]
 [0. 0. 0. 0. 0. 0.]][[0.         0.         0.         0.         0.21546256 0.        ]
 [0.         0.         0.         0.         0.         0.        ]
 [0.         0.         0.         0.         0.         0.        ]
 [0.         0.         0.         0.         0.         0.        ]
 [0.         0.         0.         0.         0.         0.        ]
 [0.         0.         0.         0.         0.         0.        ]][[0.         0.         0.         0.         0.         0.        ]
 [0.         0.         0.         0.         0.         0.        ]
 [0.         0.         0.         0.         0.         0.        ]
 [0.         0.         0.         0.         0.         0.        ]
 [0.         0.         0.         0.         0.         1.52403323]
 [0.         0.         0.         0.         0.         0.62775219]][[0.         0.         0.         0.         0.         0.        ]
 [0.         0.         0.         0.         0.         0.        ]
 [0.48735172 0.         0.         0.         0.         0.        ]
 [2.92013564 0.         0.         0.         0.         0.        ]
 [2.85682702 0.         0.         0.76934057 0.         0.        ]
 [0.         0.         0.         0.         0.         0.        ]][[0. 0. 0. 0. 0. 0.]
 [0. 0. 0. 0. 0. 0.]
 [0. 0. 0. 0. 0. 0.]
 [0. 0. 0. 0. 0. 0.]
 [0. 0. 0. 0. 0. 0.]
 [0. 0. 0. 0. 0. 0.]][[0.         0.         0.         0.         1.26073038 0.        ]
 [0.         0.         0.         0.         0.50411014 0.        ]
 [0.         0.         0.         0.         0.         0.        ]
 [0.         0.         0.         0.         0.         0.        ]
 [0.         0.         0.         0.         0.         0.        ]
 [0.         0.         0.         3.28324986 0.         0.        ]][[0.         0.         0.         0.         0.         0.        ]
 [0.         0.         0.         0.         0.         0.        ]
 [0.         0.         0.         0.         0.         0.        ]
 [0.         0.         0.         0.         0.         0.        ]
 [0.         0.         0.         3.721987   0.         0.        ]
 [0.         0.         0.         0.97342445 0.         0.        ]]