[[0.         1.20452259 1.24919628]
 [0.36416972 0.36416972 3.63593708]
 [0.36416972 0.36416972 0.2279042 ]][[0.         0.         0.        ]
 [2.82157484 3.42947463 3.42947463]
 [4.56213632 2.34381651 2.34381651]][[0.         0.         0.        ]
 [2.61405956 0.         0.        ]
 [4.94514688 0.         0.        ]][[0.70340717 0.         0.        ]
 [0.         0.         0.        ]
 [0.         0.         0.        ]][[0. 0. 0.]
 [0. 0. 0.]
 [0. 0. 0.]][[0.         1.43002094 1.43002094]
 [0.         0.         0.        ]
 [1.13575768 0.         0.        ]][[0.         0.         0.        ]
 [0.         0.         0.        ]
 [0.         0.         0.66885985]][[0. 0. 0.]
 [0. 0. 0.]
 [0. 0. 0.]][[0. 0. 0.]
 [0. 0. 0.]
 [0. 0. 0.]][[0. 0. 0.]
 [0. 0. 0.]
 [0. 0. 0.]][[0. 0. 0.]
 [0. 0. 0.]
 [0. 0. 0.]][[0.         0.         0.        ]
 [0.         0.         0.75287471]
 [0.         0.         0.        ]][[0.5381446  3.32515597 3.32515597]
 [0.         1.89845062 1.89845062]
 [0.         0.         0.        ]][[0. 0. 0.]
 [0. 0. 0.]
 [0. 0. 0.]][[0.         0.21546256 0.21546256]
 [0.         0.         0.        ]
 [0.         0.         0.        ]][[0.         0.         0.        ]
 [0.         0.         1.52403323]
 [0.         0.         1.52403323]][[0.48735172 0.         0.        ]
 [2.92013564 0.76934057 0.        ]
 [2.85682702 0.76934057 0.        ]][[0. 0. 0.]
 [0. 0. 0.]
 [0. 0. 0.]][[0.         1.26073038 1.26073038]
 [0.         0.         0.        ]
 [0.         3.28324986 0.        ]][[0.       0.       0.      ]
 [0.       3.721987 0.      ]
 [0.       3.721987 0.      ]]