[[0. 0. 0. 0. 0. 0.]
 [0. 0. 0. 0. 0. 0.]
 [0. 0. 0. 0. 0. 0.]
 [0. 0. 0. 0. 0. 0.]
 [0. 0. 0. 0. 0. 0.]
 [0. 0. 0. 0. 0. 0.]][[0.00000000e+00 0.00000000e+00 2.06919657e+27 0.00000000e+00
  0.00000000e+00 6.24529852e+26]
 [0.00000000e+00 0.00000000e+00 0.00000000e+00 0.00000000e+00
  0.00000000e+00 0.00000000e+00]
 [1.22520102e+28 0.00000000e+00 0.00000000e+00 0.00000000e+00
  1.65046790e+28 5.70134590e+27]
 [8.90282450e+27 1.47831984e+28 3.53717443e+28 6.96726463e+27
  2.59237673e+27 0.00000000e+00]
 [9.71478975e+26 1.60837358e+28 1.35643670e+28 1.26746396e+28
  0.00000000e+00 0.00000000e+00]
 [1.78032352e+28 6.60249048e+27 0.00000000e+00 1.43007116e+28
  1.53582466e+28 0.00000000e+00]][[1.56813394e+28 4.78695433e+28 2.45763765e+28 4.06908822e+28
  5.15717565e+28 5.28332137e+28]
 [0.00000000e+00 5.40341895e+28 5.83245592e+28 6.31739335e+28
  6.42390744e+28 6.54140670e+28]
 [0.00000000e+00 2.56148262e+28 5.14022092e+28 7.46971509e+28
  4.94983468e+28 5.84344348e+28]
 [0.00000000e+00 0.00000000e+00 0.00000000e+00 2.70739347e+28
  4.69763315e+28 6.44774680e+28]
 [7.26242873e+26 0.00000000e+00 0.00000000e+00 0.00000000e+00
  2.69879076e+28 5.74229288e+28]
 [0.00000000e+00 0.00000000e+00 0.00000000e+00 0.00000000e+00
  0.00000000e+00 1.86219190e+28]][[0.00000000e+00 0.00000000e+00 0.00000000e+00 1.27866249e+27
  3.64628190e+26 0.00000000e+00]
 [0.00000000e+00 4.22608555e+27 4.25887382e+25 0.00000000e+00
  0.00000000e+00 0.00000000e+00]
 [0.00000000e+00 0.00000000e+00 0.00000000e+00 0.00000000e+00
  0.00000000e+00 1.52822171e+27]
 [0.00000000e+00 0.00000000e+00 0.00000000e+00 0.00000000e+00
  1.04667163e+28 7.47315135e+27]
 [0.00000000e+00 0.00000000e+00 0.00000000e+00 0.00000000e+00
  0.00000000e+00 8.07195807e+27]
 [0.00000000e+00 6.40477513e+25 3.27126126e+27 0.00000000e+00
  0.00000000e+00 9.70126810e+27]][[0.00000000e+00 0.00000000e+00 0.00000000e+00 0.00000000e+00
  0.00000000e+00 0.00000000e+00]
 [0.00000000e+00 0.00000000e+00 0.00000000e+00 0.00000000e+00
  0.00000000e+00 0.00000000e+00]
 [0.00000000e+00 0.00000000e+00 0.00000000e+00 0.00000000e+00
  4.83064028e+27 7.14973394e+27]
 [0.00000000e+00 0.00000000e+00 0.00000000e+00 0.00000000e+00
  9.56690369e+27 2.93532557e+28]
 [0.00000000e+00 5.45696025e+27 8.92075299e+27 0.00000000e+00
  0.00000000e+00 4.23633610e+28]
 [0.00000000e+00 3.68930398e+27 1.96536504e+28 3.61427992e+28
  0.00000000e+00 3.03191316e+28]][[0. 0. 0. 0. 0. 0.]
 [0. 0. 0. 0. 0. 0.]
 [0. 0. 0. 0. 0. 0.]
 [0. 0. 0. 0. 0. 0.]
 [0. 0. 0. 0. 0. 0.]
 [0. 0. 0. 0. 0. 0.]][[0.00000000e+00 0.00000000e+00 0.00000000e+00 0.00000000e+00
  0.00000000e+00 0.00000000e+00]
 [0.00000000e+00 0.00000000e+00 0.00000000e+00 0.00000000e+00
  0.00000000e+00 0.00000000e+00]
 [0.00000000e+00 0.00000000e+00 0.00000000e+00 0.00000000e+00
  0.00000000e+00 0.00000000e+00]
 [0.00000000e+00 1.21245602e+28 0.00000000e+00 0.00000000e+00
  0.00000000e+00 0.00000000e+00]
 [1.75965334e+27 7.14078230e+27 0.00000000e+00 0.00000000e+00
  0.00000000e+00 0.00000000e+00]
 [8.65757471e+26 6.82048199e+26 9.36970844e+27 2.80503742e+28
  0.00000000e+00 1.55156986e+28]][[0.00000000e+00 1.63395169e+27 4.08637058e+27 3.37676916e+26
  0.00000000e+00 0.00000000e+00]
 [1.47429466e+28 1.46404669e+28 1.20783989e+28 5.02890783e+27
  1.45221244e+28 0.00000000e+00]
 [1.11893281e+28 4.49016546e+27 0.00000000e+00 0.00000000e+00
  1.19375334e+28 2.38184137e+28]
 [7.73708234e+27 1.83548775e+28 3.40024497e+28 1.08804478e+28
  1.36668822e+28 9.42335384e+27]
 [0.00000000e+00 1.76832425e+28 2.42210202e+28 2.17342810e+28
  2.12482687e+28 3.39702344e+27]
 [3.31725382e+27 9.75961123e+27 1.59189516e+28 1.00385170e+28
  3.08796807e+28 1.14889251e+28]][[0.00000000e+00 0.00000000e+00 0.00000000e+00 0.00000000e+00
  0.00000000e+00 3.56828153e+28]
 [0.00000000e+00 0.00000000e+00 6.52224612e+27 1.80840291e+28
  1.33805722e+28 1.36341605e+28]
 [0.00000000e+00 0.00000000e+00 0.00000000e+00 0.00000000e+00
  0.00000000e+00 0.00000000e+00]
 [0.00000000e+00 0.00000000e+00 0.00000000e+00 0.00000000e+00
  0.00000000e+00 0.00000000e+00]
 [0.00000000e+00 0.00000000e+00 0.00000000e+00 0.00000000e+00
  0.00000000e+00 0.00000000e+00]
 [0.00000000e+00 0.00000000e+00 0.00000000e+00 0.00000000e+00
  0.00000000e+00 0.00000000e+00]][[9.95831023e+27 0.00000000e+00 0.00000000e+00 1.98625027e+27
  1.62566382e+28 0.00000000e+00]
 [4.93798882e+28 1.38668678e+28 2.66359575e+28 1.76244677e+28
  4.93822118e+27 0.00000000e+00]
 [3.52819703e+28 2.00063977e+28 2.27171974e+28 1.64483490e+28
  2.00568787e+28 0.00000000e+00]
 [4.24972332e+28 4.09358237e+28 3.41754694e+28 3.12736481e+28
  1.78929366e+28 0.00000000e+00]
 [2.54711117e+28 2.88680464e+28 4.51934489e+28 3.93139211e+28
  2.51814219e+28 0.00000000e+00]
 [1.03124019e+28 1.85254723e+28 2.13558531e+28 3.17994286e+28
  2.46670300e+28 0.00000000e+00]][[0.00000000e+00 0.00000000e+00 0.00000000e+00 0.00000000e+00
  0.00000000e+00 0.00000000e+00]
 [0.00000000e+00 0.00000000e+00 0.00000000e+00 0.00000000e+00
  0.00000000e+00 0.00000000e+00]
 [0.00000000e+00 0.00000000e+00 0.00000000e+00 0.00000000e+00
  0.00000000e+00 0.00000000e+00]
 [0.00000000e+00 0.00000000e+00 0.00000000e+00 0.00000000e+00
  0.00000000e+00 0.00000000e+00]
 [0.00000000e+00 0.00000000e+00 0.00000000e+00 0.00000000e+00
  0.00000000e+00 5.35955962e+27]
 [0.00000000e+00 0.00000000e+00 0.00000000e+00 1.45223314e+27
  9.02691133e+25 1.48474173e+28]][[0.00000000e+00 0.00000000e+00 0.00000000e+00 0.00000000e+00
  0.00000000e+00 0.00000000e+00]
 [0.00000000e+00 0.00000000e+00 0.00000000e+00 0.00000000e+00
  0.00000000e+00 0.00000000e+00]
 [0.00000000e+00 0.00000000e+00 0.00000000e+00 0.00000000e+00
  3.48322397e+27 2.02165167e+27]
 [0.00000000e+00 2.55903296e+28 0.00000000e+00 0.00000000e+00
  2.26760573e+28 1.44742523e+28]
 [0.00000000e+00 1.94789943e+28 5.09811196e+27 2.29456717e+28
  2.12007435e+27 3.61469202e+28]
 [8.37566999e+27 1.21500338e+28 2.16476365e+28 4.80312686e+28
  1.36879331e+28 3.57005367e+28]][[0.00000000e+00 0.00000000e+00 0.00000000e+00 0.00000000e+00
  0.00000000e+00 7.59627392e+26]
 [0.00000000e+00 2.28711287e+28 9.83259502e+27 1.34527338e+28
  5.18344904e+27 1.63926476e+28]
 [6.51110773e+27 2.14469067e+28 2.30806986e+27 3.97989225e+28
  4.27835819e+28 3.79559275e+28]
 [1.67073067e+28 3.24530786e+28 2.44710311e+28 4.72914259e+28
  5.32470880e+28 4.88570748e+28]
 [6.32552640e+27 3.22053366e+28 3.80317323e+28 5.83417733e+28
  3.31021225e+28 4.98487762e+28]
 [1.34357306e+28 2.77994003e+28 3.50192427e+28 5.20548848e+28
  2.44837230e+28 3.51055825e+28]][[1.99746794e+28 4.35153962e+28 2.43364425e+28 2.99553997e+28
  1.98201657e+28 2.22814639e+28]
 [7.31000877e+27 0.00000000e+00 4.54310274e+27 1.10024344e+28
  2.63882232e+28 3.76676077e+28]
 [9.76675992e+26 0.00000000e+00 2.21250606e+28 3.29909511e+28
  2.20382806e+28 2.36815802e+28]
 [0.00000000e+00 0.00000000e+00 0.00000000e+00 2.07789003e+27
  0.00000000e+00 2.25155800e+28]
 [0.00000000e+00 0.00000000e+00 0.00000000e+00 0.00000000e+00
  0.00000000e+00 3.91162779e+26]
 [0.00000000e+00 0.00000000e+00 0.00000000e+00 0.00000000e+00
  0.00000000e+00 0.00000000e+00]][[5.36945987e+27 0.00000000e+00 6.52899014e+27 0.00000000e+00
  0.00000000e+00 0.00000000e+00]
 [0.00000000e+00 0.00000000e+00 0.00000000e+00 0.00000000e+00
  0.00000000e+00 0.00000000e+00]
 [0.00000000e+00 0.00000000e+00 0.00000000e+00 0.00000000e+00
  0.00000000e+00 0.00000000e+00]
 [0.00000000e+00 0.00000000e+00 0.00000000e+00 0.00000000e+00
  0.00000000e+00 0.00000000e+00]
 [0.00000000e+00 0.00000000e+00 0.00000000e+00 0.00000000e+00
  0.00000000e+00 0.00000000e+00]
 [7.13578192e+27 0.00000000e+00 0.00000000e+00 0.00000000e+00
  0.00000000e+00 0.00000000e+00]][[0.00000000e+00 0.00000000e+00 0.00000000e+00 0.00000000e+00
  0.00000000e+00 0.00000000e+00]
 [0.00000000e+00 0.00000000e+00 0.00000000e+00 0.00000000e+00
  0.00000000e+00 0.00000000e+00]
 [0.00000000e+00 0.00000000e+00 0.00000000e+00 0.00000000e+00
  0.00000000e+00 0.00000000e+00]
 [0.00000000e+00 0.00000000e+00 0.00000000e+00 0.00000000e+00
  0.00000000e+00 0.00000000e+00]
 [0.00000000e+00 0.00000000e+00 0.00000000e+00 0.00000000e+00
  0.00000000e+00 0.00000000e+00]
 [0.00000000e+00 0.00000000e+00 0.00000000e+00 6.22250394e+27
  0.00000000e+00 0.00000000e+00]][[5.06658843e+28 3.78029529e+28 2.39656847e+28 4.66916055e+28
  5.39206275e+28 1.15692564e+28]
 [6.45530742e+28 7.70169356e+28 6.92421929e+28 6.42260270e+28
  8.54140183e+28 4.82390357e+28]
 [5.80268132e+28 9.61733755e+28 1.21383592e+29 1.17700048e+29
  9.06818911e+28 7.79213571e+28]
 [4.23342795e+28 5.66919849e+28 8.56383713e+28 1.50092949e+29
  1.05449965e+29 6.19904565e+28]
 [4.01901126e+28 2.96147860e+28 2.73568285e+28 7.91131964e+28
  1.15488308e+29 5.76014618e+28]
 [1.24621136e+28 2.17150802e+28 1.56270914e+28 8.86314055e+27
  6.40860464e+28 5.31569471e+28]][[0.00000000e+00 0.00000000e+00 0.00000000e+00 0.00000000e+00
  0.00000000e+00 1.53256426e+28]
 [0.00000000e+00 0.00000000e+00 3.97567355e+27 0.00000000e+00
  0.00000000e+00 0.00000000e+00]
 [0.00000000e+00 0.00000000e+00 0.00000000e+00 0.00000000e+00
  0.00000000e+00 0.00000000e+00]
 [1.90784577e+27 0.00000000e+00 0.00000000e+00 0.00000000e+00
  0.00000000e+00 0.00000000e+00]
 [3.82395761e+26 0.00000000e+00 0.00000000e+00 0.00000000e+00
  0.00000000e+00 0.00000000e+00]
 [0.00000000e+00 0.00000000e+00 0.00000000e+00 0.00000000e+00
  0.00000000e+00 0.00000000e+00]][[0. 0. 0. 0. 0. 0.]
 [0. 0. 0. 0. 0. 0.]
 [0. 0. 0. 0. 0. 0.]
 [0. 0. 0. 0. 0. 0.]
 [0. 0. 0. 0. 0. 0.]
 [0. 0. 0. 0. 0. 0.]][[2.09281254e+28 0.00000000e+00 0.00000000e+00 0.00000000e+00
  5.37865586e+27 1.69960079e+28]
 [2.32217670e+28 0.00000000e+00 0.00000000e+00 3.21135750e+27
  2.74350857e+27 0.00000000e+00]
 [1.68697841e+28 0.00000000e+00 0.00000000e+00 0.00000000e+00
  0.00000000e+00 0.00000000e+00]
 [1.13578632e+28 0.00000000e+00 0.00000000e+00 0.00000000e+00
  0.00000000e+00 0.00000000e+00]
 [1.44696400e+28 3.72734722e+27 4.68052057e+27 0.00000000e+00
  0.00000000e+00 0.00000000e+00]
 [1.37772661e+28 1.89554624e+27 0.00000000e+00 0.00000000e+00
  0.00000000e+00 0.00000000e+00]]